0	0.00E+00
0.1	6.31E-04
0.2	3.15E-03
0.3	4.40E-03
0.4	5.66E-03
0.5	6.91E-03
0.6	8.16E-03
0.7	8.16E-03
0.8	9.41E-03
0.9	1.07E-02
1	1.19E-02
1.1	1.31E-02
1.2	1.44E-02
1.3	1.56E-02
1.4	1.81E-02
1.5	1.93E-02
1.6	2.06E-02
1.7	2.18E-02
1.8	2.30E-02
1.9	2.30E-02
2	2.43E-02
2.1	2.55E-02
2.2	2.67E-02
2.3	2.79E-02
2.4	2.91E-02
2.5	3.04E-02
2.6	3.28E-02
2.7	3.40E-02
2.8	3.52E-02
2.9	3.64E-02
3	3.76E-02
3.1	3.76E-02
3.2	3.88E-02
3.3	4.00E-02
3.4	4.12E-02
3.5	4.18E-02
3.6	4.36E-02
3.7	4.42E-02
3.8	4.66E-02
3.9	4.78E-02
4	4.90E-02
4.1	5.02E-02
4.2	5.02E-02
4.3	5.14E-02
4.4	5.31E-02
4.5	5.37E-02
4.6	5.55E-02
4.7	5.61E-02
4.8	5.78E-02
4.9	6.02E-02
5	6.07E-02
5.1	6.25E-02
5.2	6.25E-02
5.3	6.13E-02
5.4	6.13E-02
5.5	6.02E-02
5.6	5.84E-02
5.7	5.78E-02
5.8	5.61E-02
5.9	5.55E-02
6	5.37E-02
6.1	5.14E-02
6.2	5.08E-02
6.3	4.90E-02
6.4	4.84E-02
6.5	4.66E-02
6.6	4.66E-02
6.7	4.60E-02
6.8	4.42E-02
6.9	4.36E-02
7	4.18E-02
7.1	4.06E-02
7.2	3.94E-02
7.3	3.88E-02
7.4	3.64E-02
7.5	3.46E-02
7.6	3.40E-02
7.7	3.22E-02
7.8	3.16E-02
7.9	3.16E-02
8	2.98E-02
8.1	2.85E-02
8.2	2.73E-02
8.3	2.61E-02
8.4	2.49E-02
8.5	2.43E-02
8.6	2.12E-02
8.7	2.00E-02
8.8	1.87E-02
8.9	1.75E-02
9	1.63E-02
9.1	1.63E-02
9.2	1.50E-02
9.3	1.38E-02
9.4	1.25E-02
9.5	1.13E-02
9.6	1.00E-02
9.7	8.79E-03
9.8	6.29E-03
9.9	5.03E-03
10	3.78E-03
10.1	2.52E-03
10.2	2.52E-03
10.3	1.26E-03
10.4	0.00E+00
10.5	-1.26E-03
10.6	-2.53E-03
10.7	-3.79E-03
10.8	-5.06E-03
10.9	-6.33E-03
11	-7.60E-03
11.1	-1.01E-02
11.2	-1.14E-02
11.3	-1.14E-02
11.4	-1.27E-02
11.5	-1.40E-02
11.6	-1.53E-02
11.7	-1.65E-02
11.8	-1.78E-02
11.9	-1.91E-02
12	-2.04E-02
12.1	-2.17E-02
12.2	-2.43E-02
12.3	-2.56E-02
12.4	-2.69E-02
12.5	-2.82E-02
12.6	-2.82E-02
12.7	-2.94E-02
12.8	-3.07E-02
12.9	-3.20E-02
13	-3.34E-02
13.1	-3.47E-02
13.2	-3.73E-02
13.3	-3.86E-02
13.4	-3.99E-02
13.5	-4.12E-02
13.6	-4.12E-02
13.7	-4.25E-02
13.8	-4.38E-02
13.9	-4.51E-02
14	-4.65E-02
14.1	-4.78E-02
14.2	-5.04E-02
14.3	-5.17E-02
14.4	-5.31E-02
14.5	-5.44E-02
14.6	-5.57E-02
14.7	-5.57E-02
14.8	-5.70E-02
14.9	-5.84E-02
15	-5.97E-02
15.1	-6.10E-02
15.2	-6.24E-02
15.3	-6.37E-02
15.4	-6.24E-02
15.5	-6.17E-02
15.6	-5.97E-02
15.7	-5.90E-02
15.8	-5.90E-02
15.9	-5.70E-02
16	-5.64E-02
16.1	-5.44E-02
16.2	-5.37E-02
16.3	-5.17E-02
16.4	-5.11E-02
16.5	-4.91E-02
16.6	-4.65E-02
16.7	-4.58E-02
16.8	-4.38E-02
16.9	-4.25E-02
17	-4.25E-02
17.1	-4.12E-02
17.2	-3.99E-02
17.3	-3.92E-02
17.4	-3.79E-02
17.5	-3.66E-02
17.6	-3.53E-02
17.7	-3.27E-02
17.8	-3.14E-02
17.9	-3.01E-02
18	-2.88E-02
18.1	-2.75E-02
18.2	-2.75E-02
18.3	-2.62E-02
18.4	-2.49E-02
18.5	-2.36E-02
18.6	-2.23E-02
18.7	-2.10E-02
18.8	-1.98E-02
18.9	-1.72E-02
19	-1.59E-02
19.1	-1.46E-02
19.2	-1.33E-02
19.3	-1.33E-02
19.4	-1.21E-02
19.5	-1.08E-02
19.6	-9.51E-03
19.7	-8.24E-03
19.8	-6.96E-03
19.9	-5.69E-03
20	-4.43E-03
20.1	-3.16E-03
20.2	-6.31E-04
20.3	6.31E-04
20.4	1.89E-03
20.5	3.15E-03
20.6	4.40E-03
20.7	4.40E-03
20.8	5.66E-03
20.9	6.91E-03
21	8.16E-03
21.1	9.41E-03
21.2	1.07E-02
21.3	1.19E-02
21.4	1.44E-02
21.5	1.56E-02
21.6	1.69E-02
21.7	1.81E-02
21.8	1.93E-02
21.9	1.93E-02
22	2.06E-02
22.1	2.18E-02
22.2	2.30E-02
22.3	2.43E-02
22.4	2.55E-02
22.5	2.67E-02
22.6	2.91E-02
22.7	3.04E-02
22.8	3.16E-02
22.9	3.28E-02
23	3.28E-02
23.1	3.40E-02
23.2	3.52E-02
23.3	3.64E-02
23.4	3.76E-02
23.5	3.88E-02
23.6	4.00E-02
23.7	4.12E-02
23.8	4.36E-02
23.9	4.48E-02
24	4.60E-02
24.1	4.72E-02
24.2	4.72E-02
24.3	4.84E-02
24.4	4.96E-02
24.5	5.08E-02
24.6	5.19E-02
24.7	5.31E-02
24.8	5.43E-02
24.9	5.66E-02
25	5.78E-02
25.1	5.90E-02
25.2	6.02E-02
25.3	6.13E-02
25.4	6.13E-02
25.5	6.25E-02
25.6	6.13E-02
25.7	6.07E-02
25.8	5.90E-02
25.9	5.84E-02
26	5.66E-02
26.1	5.43E-02
26.2	5.37E-02
26.3	5.19E-02
26.4	5.14E-02
26.5	5.14E-02
26.6	4.96E-02
26.7	4.90E-02
26.8	4.72E-02
26.9	4.66E-02
27	4.48E-02
27.1	4.42E-02
27.2	4.24E-02
27.3	4.00E-02
27.4	3.94E-02
27.5	3.76E-02
27.6	3.70E-02
27.7	3.70E-02
27.8	3.52E-02
27.9	3.46E-02
28	3.28E-02
28.1	3.16E-02
28.2	3.04E-02
28.3	2.98E-02
28.4	2.79E-02
28.5	2.55E-02
28.6	2.43E-02
28.7	2.30E-02
28.8	2.18E-02
28.9	2.18E-02
29	2.06E-02
29.1	1.93E-02
29.2	1.81E-02
29.3	1.69E-02
29.4	1.56E-02
29.5	1.50E-02
29.6	1.19E-02
29.7	1.07E-02
29.8	9.41E-03
29.9	8.16E-03
30	8.16E-03
30.1	6.91E-03
30.2	5.66E-03
30.3	4.40E-03
30.4	3.15E-03
30.5	1.89E-03
30.6	6.31E-04
30.7	-6.31E-04
30.8	-3.16E-03
30.9	-4.43E-03
31	-5.69E-03
31.1	-6.33E-03
31.2	-6.33E-03
31.3	-7.60E-03
31.4	-8.87E-03
31.5	-1.01E-02
31.6	-1.14E-02
31.7	-1.27E-02
31.8	-1.40E-02
31.9	-1.53E-02
32	-1.78E-02
32.1	-1.91E-02
32.2	-2.04E-02
32.3	-2.17E-02
32.4	-2.17E-02
32.5	-2.30E-02
32.6	-2.43E-02
32.7	-2.56E-02
32.8	-2.69E-02
32.9	-2.82E-02
33	-2.94E-02
33.1	-3.20E-02
33.2	-3.34E-02
33.3	-3.47E-02
33.4	-3.60E-02
33.5	-3.60E-02
33.6	-3.73E-02
33.7	-3.86E-02
33.8	-3.99E-02
33.9	-4.12E-02
34	-4.25E-02
34.1	-4.38E-02
34.2	-4.51E-02
34.3	-4.78E-02
34.4	-4.91E-02
34.5	-5.04E-02
34.6	-5.17E-02
34.7	-5.17E-02
34.8	-5.31E-02
34.9	-5.44E-02
35	-5.57E-02
35.1	-5.70E-02
35.2	-5.84E-02
35.3	-5.97E-02
35.4	-6.10E-02
35.5	-6.37E-02
35.6	-6.44E-02
35.7	-6.24E-02
35.8	-6.17E-02
35.9	-6.17E-02
36	-5.97E-02
36.1	-5.90E-02
36.2	-5.70E-02
36.3	-5.64E-02
36.4	-5.44E-02
36.5	-5.37E-02
36.6	-5.17E-02
36.7	-4.91E-02
36.8	-4.84E-02
36.9	-4.65E-02
37	-4.58E-02
37.1	-4.58E-02
37.2	-4.38E-02
37.3	-4.32E-02
37.4	-4.12E-02
37.5	-4.05E-02
37.6	-3.86E-02
37.7	-3.73E-02
37.8	-3.47E-02
37.9	-3.34E-02
38	-3.27E-02
38.1	-3.07E-02
38.2	-3.07E-02
38.3	-2.94E-02
38.4	-2.82E-02
38.5	-2.69E-02
38.6	-2.56E-02
38.7	-2.43E-02
38.8	-2.30E-02
38.9	-2.17E-02
39	-1.91E-02
39.1	-1.78E-02
39.2	-1.65E-02
39.3	-1.53E-02
39.4	-1.53E-02
39.5	-1.40E-02
39.6	-1.27E-02
39.7	-1.14E-02
39.8	-1.01E-02
39.9	-8.87E-03
40	-7.60E-03
40.1	-6.33E-03
40.2	-3.79E-03
40.3	-2.53E-03
40.4	-1.26E-03
40.5	0.00E+00
40.6	0.00E+00
40.7	1.26E-03
40.8	2.52E-03
40.9	3.78E-03
41	5.03E-03
41.1	6.29E-03
41.2	7.54E-03
41.3	1.00E-02
41.4	1.13E-02
41.5	1.25E-02
41.6	1.38E-02
41.7	1.38E-02
41.8	1.50E-02
41.9	1.63E-02
42	1.75E-02
42.1	1.87E-02
42.2	2.00E-02
42.3	2.12E-02
42.4	2.24E-02
42.5	2.49E-02
42.6	2.61E-02
42.7	2.73E-02
42.8	2.85E-02
42.9	2.85E-02
43	2.98E-02
43.1	3.10E-02
43.2	3.22E-02
43.3	3.34E-02
43.4	3.46E-02
43.5	3.58E-02
43.6	3.70E-02
43.7	3.94E-02
43.8	4.06E-02
43.9	4.18E-02
44	4.30E-02
44.1	4.30E-02
44.2	4.42E-02
44.3	4.54E-02
44.4	4.66E-02
44.5	4.78E-02
44.6	4.90E-02
44.7	5.02E-02
44.8	5.08E-02
44.9	5.31E-02
45	5.43E-02
45.1	5.55E-02
45.2	5.55E-02
45.3	5.66E-02
45.4	5.78E-02
45.5	5.90E-02
45.6	6.02E-02
45.7	6.13E-02
45.8	6.31E-02
45.9	6.13E-02
46	5.90E-02
46.1	5.84E-02
46.2	5.66E-02
46.3	5.61E-02
46.4	5.61E-02
46.5	5.43E-02
46.6	5.31E-02
46.7	5.19E-02
46.8	5.08E-02
46.9	4.96E-02
47	4.84E-02
47.1	4.72E-02
47.2	4.48E-02
47.3	4.42E-02
47.4	4.24E-02
47.5	4.12E-02
47.6	4.12E-02
47.7	4.00E-02
47.8	3.88E-02
47.9	3.76E-02
48	3.64E-02
48.1	3.52E-02
48.2	3.40E-02
48.3	3.28E-02
48.4	3.04E-02
48.5	2.91E-02
48.6	2.79E-02
48.7	2.67E-02
48.8	2.67E-02
48.9	2.55E-02
49	2.43E-02
49.1	2.30E-02
49.2	2.18E-02
49.3	2.06E-02
49.4	1.93E-02
49.5	1.69E-02
49.6	1.56E-02
49.7	1.44E-02
49.8	1.31E-02
49.9	1.31E-02
50	1.19E-02
50.1	1.07E-02
50.2	9.41E-03
50.3	8.16E-03
50.4	6.91E-03
50.5	5.66E-03
50.6	4.40E-03
50.7	1.89E-03
50.8	6.31E-04
50.9	-6.31E-04
51	-1.89E-03
51.1	-1.89E-03
51.2	-3.16E-03
51.3	-4.43E-03
51.4	-5.69E-03
51.5	-6.96E-03
51.6	-8.24E-03
51.7	-9.51E-03
51.8	-1.08E-02
51.9	-1.33E-02
52	-1.46E-02
52.1	-1.59E-02
52.2	-1.72E-02
52.3	-1.72E-02
52.4	-1.85E-02
52.5	-1.98E-02
52.6	-2.10E-02
52.7	-2.23E-02
52.8	-2.36E-02
52.9	-2.49E-02
53	-2.62E-02
53.1	-2.88E-02
53.2	-3.01E-02
53.3	-3.14E-02
53.4	-3.14E-02
53.5	-3.27E-02
53.6	-3.40E-02
53.7	-3.53E-02
53.8	-3.66E-02
53.9	-3.79E-02
54	-3.92E-02
54.1	-4.05E-02
54.2	-4.32E-02
54.3	-4.45E-02
54.4	-4.58E-02
54.5	-4.71E-02
54.6	-4.71E-02
54.7	-4.84E-02
54.8	-4.97E-02
54.9	-5.11E-02
55	-5.24E-02
55.1	-5.37E-02
55.2	-5.50E-02
55.3	-5.64E-02
55.4	-5.90E-02
55.5	-6.04E-02
55.6	-6.24E-02
55.7	-6.30E-02
55.8	-6.30E-02
55.9	-6.44E-02
56	-6.30E-02
56.1	-6.24E-02
56.2	-6.04E-02
56.3	-5.97E-02
56.4	-5.77E-02
56.5	-5.70E-02
56.6	-5.44E-02
56.7	-5.24E-02
56.8	-5.17E-02
56.9	-5.17E-02
57	-4.97E-02
57.1	-4.91E-02
57.2	-4.71E-02
57.3	-4.65E-02
57.4	-4.45E-02
57.5	-4.38E-02
57.6	-4.19E-02
57.7	-3.92E-02
57.8	-3.79E-02
57.9	-3.66E-02
58	-3.60E-02
58.1	-3.60E-02
58.2	-3.40E-02
58.3	-3.27E-02
58.4	-3.14E-02
58.5	-3.01E-02
58.6	-3.01E-02
58.7	-2.82E-02
58.8	-2.75E-02
58.9	-2.49E-02
59	-2.30E-02
59.1	-2.23E-02
59.2	-2.04E-02
59.3	-2.04E-02
59.4	-1.98E-02
59.5	-1.78E-02
59.6	-1.72E-02
59.7	-1.53E-02
59.8	-1.46E-02
59.9	-1.27E-02
60	-1.14E-02
60.1	-8.87E-03
60.2	-7.60E-03
60.3	-6.33E-03
60.4	-6.33E-03
60.5	-5.06E-03
60.6	-3.79E-03
60.7	-2.53E-03
60.8	-1.89E-03
60.9	0.00E+00
61	1.26E-03
61.1	2.52E-03
61.2	3.78E-03
61.3	5.03E-03
61.4	7.54E-03
61.5	8.79E-03
61.6	1.00E-02
61.7	1.13E-02
61.8	1.13E-02
61.9	1.25E-02
62	1.31E-02
62.1	1.50E-02
62.2	1.63E-02
62.3	1.75E-02
62.4	1.87E-02
62.5	2.00E-02
62.6	2.24E-02
62.7	2.36E-02
62.8	2.49E-02
62.9	2.61E-02
63	2.61E-02
63.1	2.73E-02
63.2	2.85E-02
63.3	2.98E-02
63.4	3.10E-02
63.5	3.22E-02
63.6	3.34E-02
63.7	3.46E-02
63.8	3.70E-02
63.9	3.82E-02
64	3.94E-02
64.1	3.94E-02
64.2	4.06E-02
64.3	4.18E-02
64.4	4.30E-02
64.5	4.42E-02
64.6	4.54E-02
64.7	4.66E-02
64.8	4.78E-02
64.9	5.02E-02
65	5.14E-02
65.1	5.25E-02
65.2	5.37E-02
65.3	5.37E-02
65.4	5.49E-02
65.5	5.61E-02
65.6	5.72E-02
65.7	5.84E-02
65.8	5.96E-02
65.9	6.07E-02
66	6.19E-02
66.1	6.07E-02
66.2	5.96E-02
66.3	5.84E-02
66.4	5.72E-02
66.5	5.72E-02
66.6	5.61E-02
66.7	5.49E-02
66.8	5.37E-02
66.9	5.25E-02
67	5.14E-02
67.1	5.02E-02
67.2	4.90E-02
67.3	4.66E-02
67.4	4.54E-02
67.5	4.42E-02
67.6	4.42E-02
67.7	4.30E-02
67.8	4.18E-02
67.9	4.06E-02
68	3.94E-02
68.1	3.82E-02
68.2	3.70E-02
68.3	3.58E-02
68.4	3.46E-02
68.5	3.22E-02
68.6	3.10E-02
68.7	2.98E-02
68.8	2.98E-02
68.9	2.85E-02
69	2.73E-02
69.1	2.61E-02
69.2	2.49E-02
69.3	2.36E-02
69.4	2.24E-02
69.5	2.12E-02
69.6	1.87E-02
69.7	1.75E-02
69.8	1.63E-02
69.9	1.50E-02
70	1.50E-02
70.1	1.38E-02
70.2	1.25E-02
70.3	1.13E-02
70.4	1.00E-02
70.5	8.79E-03
70.6	7.54E-03
70.7	6.29E-03
70.8	3.78E-03
70.9	2.52E-03
71	1.26E-03
71.1	1.26E-03
71.2	0.00E+00
71.3	-1.89E-03
71.4	-2.53E-03
71.5	-3.79E-03
71.6	-5.06E-03
71.7	-6.33E-03
71.8	-7.60E-03
71.9	-8.87E-03
72	-1.14E-02
72.1	-1.27E-02
72.2	-1.46E-02
72.3	-1.46E-02
72.4	-1.53E-02
72.5	-1.72E-02
72.6	-1.78E-02
72.7	-1.91E-02
72.8	-2.04E-02
72.9	-2.10E-02
73	-2.23E-02
73.1	-2.49E-02
73.2	-2.62E-02
73.3	-2.75E-02
73.4	-2.88E-02
73.5	-2.88E-02
73.6	-3.01E-02
73.7	-3.14E-02
73.8	-3.34E-02
73.9	-3.40E-02
74	-3.60E-02
74.1	-3.66E-02
74.2	-3.86E-02
74.3	-4.12E-02
74.4	-4.19E-02
74.5	-4.32E-02
74.6	-4.32E-02
74.7	-4.45E-02
74.8	-4.65E-02
74.9	-4.71E-02
75	-4.91E-02
75.1	-4.97E-02
75.2	-5.17E-02
75.3	-5.24E-02
75.4	-5.44E-02
75.5	-5.70E-02
75.6	-5.77E-02
75.7	-5.97E-02
75.8	-5.97E-02
75.9	-6.04E-02
76	-6.24E-02
76.1	-6.30E-02
76.2	-6.50E-02
76.3	-6.30E-02
76.4	-6.24E-02
76.5	-6.04E-02
76.6	-5.90E-02
76.7	-5.64E-02
76.8	-5.50E-02
76.9	-5.37E-02
77	-5.37E-02
77.1	-5.24E-02
77.2	-5.17E-02
77.3	-4.97E-02
77.4	-4.91E-02
77.5	-4.71E-02
77.6	-4.65E-02
77.7	-4.45E-02
77.8	-4.19E-02
77.9	-4.05E-02
78	-3.92E-02
78.1	-3.79E-02
78.2	-3.79E-02
78.3	-3.66E-02
78.4	-3.53E-02
78.5	-3.40E-02
78.6	-3.34E-02
78.7	-3.14E-02
78.8	-3.01E-02
78.9	-2.88E-02
79	-2.62E-02
79.1	-2.49E-02
79.2	-2.36E-02
79.3	-2.36E-02
79.4	-2.23E-02
79.5	-2.10E-02
79.6	-1.98E-02
79.7	-1.85E-02
79.8	-1.72E-02
79.9	-1.59E-02
80	-1.46E-02
80.1	-1.33E-02
80.2	-1.08E-02
80.3	-9.51E-03
80.4	-8.24E-03
80.5	-8.24E-03
80.6	-6.96E-03
80.7	-5.69E-03
80.8	-4.43E-03
80.9	-3.16E-03
81	-1.89E-03
81.1	-6.31E-04
81.2	6.31E-04
81.3	3.15E-03
81.4	4.40E-03
81.5	5.66E-03
81.6	6.91E-03
81.7	6.91E-03
81.8	8.16E-03
81.9	9.41E-03
82	1.07E-02
82.1	1.19E-02
82.2	1.31E-02
82.3	1.44E-02
82.4	1.56E-02
82.5	1.81E-02
82.6	1.93E-02
82.7	2.06E-02
82.8	2.06E-02
82.9	2.18E-02
83	2.30E-02
83.1	2.43E-02
83.2	2.55E-02
83.3	2.67E-02
83.4	2.79E-02
83.5	2.91E-02
83.6	3.04E-02
83.7	3.28E-02
83.8	3.40E-02
83.9	3.52E-02
84	3.52E-02
84.1	3.64E-02
84.2	3.76E-02
84.3	3.88E-02
84.4	4.00E-02
84.5	4.12E-02
84.6	4.24E-02
84.7	4.36E-02
84.8	4.48E-02
84.9	4.72E-02
85	4.84E-02
85.1	4.96E-02
85.2	4.96E-02
85.3	5.08E-02
85.4	5.19E-02
85.5	5.31E-02
85.6	5.43E-02
85.7	5.55E-02
85.8	5.66E-02
85.9	5.78E-02
86	6.02E-02
86.1	6.13E-02
86.2	6.25E-02
86.3	6.25E-02
86.4	6.13E-02
86.5	6.07E-02
86.6	5.90E-02
86.7	5.84E-02
86.8	5.66E-02
86.9	5.55E-02
87	5.43E-02
87.1	5.37E-02
87.2	5.14E-02
87.3	5.02E-02
87.4	4.90E-02
87.5	4.90E-02
87.6	4.78E-02
87.7	4.66E-02
87.8	4.60E-02
87.9	4.42E-02
88	4.36E-02
88.1	4.18E-02
88.2	4.06E-02
88.3	3.94E-02
88.4	3.70E-02
88.5	3.58E-02
88.6	3.46E-02
88.7	3.46E-02
88.8	3.34E-02
88.9	3.22E-02
89	3.16E-02
89.1	2.98E-02
89.2	2.85E-02
89.3	2.73E-02
89.4	2.61E-02
89.5	2.49E-02
89.6	2.24E-02
89.7	2.12E-02
89.8	2.00E-02
89.9	2.00E-02
90	1.87E-02
90.1	1.75E-02
90.2	1.63E-02
90.3	1.50E-02
90.4	1.38E-02
90.5	1.25E-02
90.6	1.13E-02
90.7	8.79E-03
90.8	7.54E-03
90.9	6.29E-03
91	6.29E-03
91.1	5.03E-03
91.2	3.78E-03
91.3	2.52E-03
91.4	1.26E-03
91.5	0.00E+00
91.6	-1.26E-03
91.7	-2.53E-03
91.8	-3.79E-03
91.9	-6.33E-03
92	-7.60E-03
92.1	-8.87E-03
92.2	-8.87E-03
92.3	-1.01E-02
92.4	-1.14E-02
92.5	-1.27E-02
92.6	-1.40E-02
92.7	-1.53E-02
92.8	-1.65E-02
92.9	-1.78E-02
93	-1.91E-02
93.1	-2.17E-02
93.2	-2.30E-02
93.3	-2.43E-02
93.4	-2.43E-02
93.5	-2.56E-02
93.6	-2.69E-02
93.7	-2.82E-02
93.8	-2.94E-02
93.9	-3.07E-02
94	-3.20E-02
94.1	-3.34E-02
94.2	-3.60E-02
94.3	-3.73E-02
94.4	-3.86E-02
94.5	-3.86E-02
94.6	-3.99E-02
94.7	-4.12E-02
94.8	-4.25E-02
94.9	-4.38E-02
95	-4.58E-02
95.1	-4.65E-02
95.2	-4.84E-02
95.3	-4.91E-02
95.4	-5.17E-02
95.5	-5.31E-02
95.6	-5.44E-02
95.7	-5.44E-02
95.8	-5.57E-02
95.9	-5.70E-02
96	-5.90E-02
96.1	-5.97E-02
96.2	-6.17E-02
96.3	-6.24E-02
96.4	-6.44E-02
96.5	-6.44E-02
96.6	-6.17E-02
96.7	-5.97E-02
96.8	-5.90E-02
96.9	-5.90E-02
97	-5.70E-02
97.1	-5.57E-02
97.2	-5.44E-02
97.3	-5.31E-02
97.4	-5.17E-02
97.5	-5.11E-02
97.6	-4.91E-02
97.7	-4.84E-02
97.8	-4.58E-02
97.9	-4.38E-02
98	-4.38E-02
98.1	-4.25E-02
98.2	-4.12E-02
98.3	-3.99E-02
98.4	-3.86E-02
98.5	-3.73E-02
98.6	-3.60E-02
98.7	-3.53E-02
98.8	-3.34E-02
98.9	-3.07E-02
99	-2.94E-02
99.1	-2.82E-02
99.2	-2.82E-02
99.3	-2.69E-02
99.4	-2.56E-02
99.5	-2.43E-02
99.6	-2.30E-02
99.7	-2.17E-02
99.8	-2.04E-02
99.9	-1.91E-02
100	-1.78E-02
100.1	-1.53E-02
100.2	-1.40E-02
100.3	-1.27E-02
100.4	-1.27E-02
100.5	-1.14E-02
100.6	-1.01E-02
100.7	-8.87E-03
100.8	-7.60E-03
100.9	-6.33E-03
101	-5.06E-03
101.1	-3.79E-03
101.2	-2.53E-03
101.3	-6.31E-04
101.4	6.31E-04
101.5	1.89E-03
101.6	1.89E-03
101.7	3.15E-03
101.8	4.40E-03
101.9	5.66E-03
102	6.91E-03
102.1	8.16E-03
102.2	9.41E-03
102.3	1.07E-02
102.4	1.31E-02
102.5	1.44E-02
102.6	1.56E-02
102.7	1.56E-02
102.8	1.69E-02
102.9	1.81E-02
103	1.93E-02
103.1	2.06E-02
103.2	2.18E-02
103.3	2.30E-02
103.4	2.43E-02
103.5	2.55E-02
103.6	2.79E-02
103.7	2.91E-02
103.8	3.04E-02
103.9	3.04E-02
104	3.16E-02
104.1	3.28E-02
104.2	3.40E-02
104.3	3.52E-02
104.4	3.64E-02
104.5	3.76E-02
104.6	3.88E-02
104.7	4.00E-02
104.8	4.24E-02
104.9	4.36E-02
105	4.48E-02
105.1	4.48E-02
105.2	4.60E-02
105.3	4.72E-02
105.4	4.84E-02
105.5	4.96E-02
105.6	5.08E-02
105.7	5.19E-02
105.8	5.31E-02
105.9	5.43E-02
106	5.66E-02
106.1	5.78E-02
106.2	5.78E-02
106.3	5.90E-02
106.4	6.02E-02
106.5	6.13E-02
106.6	6.25E-02
106.7	6.13E-02
106.8	6.07E-02
106.9	5.90E-02
107	5.84E-02
107.1	5.61E-02
107.2	5.43E-02
107.3	5.37E-02
107.4	5.37E-02
107.5	5.19E-02
107.6	5.14E-02
107.7	4.96E-02
107.8	4.90E-02
107.9	4.72E-02
108	4.66E-02
108.1	4.48E-02
108.2	4.42E-02
108.3	4.18E-02
108.4	4.00E-02
108.5	3.94E-02
108.6	3.94E-02
108.7	3.76E-02
108.8	3.70E-02
108.9	3.52E-02
109	3.46E-02
109.1	3.28E-02
109.2	3.22E-02
109.3	3.04E-02
109.4	2.98E-02
109.5	2.67E-02
109.6	2.55E-02
109.7	2.55E-02
109.8	2.49E-02
109.9	2.30E-02
110	2.24E-02
110.1	2.06E-02
110.2	2.00E-02
110.3	1.81E-02
110.4	1.75E-02
110.5	1.56E-02
110.6	1.31E-02
110.7	1.25E-02
110.8	1.07E-02
110.9	1.07E-02
111	1.00E-02
111.1	8.16E-03
111.2	6.91E-03
111.3	5.66E-03
111.4	5.03E-03
111.5	3.15E-03
111.6	1.89E-03
111.7	6.31E-04
111.8	-1.89E-03
111.9	-3.16E-03
112	-4.43E-03
112.1	-4.43E-03
112.2	-5.69E-03
112.3	-6.96E-03
112.4	-8.24E-03
112.5	-9.51E-03
112.6	-1.08E-02
112.7	-1.21E-02
112.8	-1.33E-02
112.9	-1.46E-02
113	-1.72E-02
113.1	-1.85E-02
113.2	-1.85E-02
113.3	-1.98E-02
113.4	-2.10E-02
113.5	-2.23E-02
113.6	-2.36E-02
113.7	-2.49E-02
113.8	-2.62E-02
113.9	-2.75E-02
114	-2.88E-02
114.1	-3.01E-02
114.2	-3.27E-02
114.3	-3.40E-02
114.4	-3.40E-02
114.5	-3.53E-02
114.6	-3.66E-02
114.7	-3.79E-02
114.8	-3.92E-02
114.9	-4.05E-02
115	-4.19E-02
115.1	-4.32E-02
115.2	-4.45E-02
115.3	-4.71E-02
115.4	-4.84E-02
115.5	-4.97E-02
115.6	-4.97E-02
115.7	-5.11E-02
115.8	-5.24E-02
115.9	-5.37E-02
116	-5.44E-02
116.1	-5.57E-02
116.2	-5.70E-02
116.3	-5.84E-02
116.4	-5.97E-02
116.5	-6.24E-02
116.6	-6.37E-02
116.7	-6.44E-02
116.8	-6.44E-02
116.9	-6.24E-02
117	-6.17E-02
117.1	-5.97E-02
117.2	-5.90E-02
117.3	-5.70E-02
117.4	-5.57E-02
117.5	-5.44E-02
117.6	-5.31E-02
117.7	-5.04E-02
117.8	-4.91E-02
117.9	-4.78E-02
118	-4.78E-02
118.1	-4.65E-02
118.2	-4.58E-02
118.3	-4.38E-02
118.4	-4.25E-02
118.5	-4.12E-02
118.6	-3.99E-02
118.7	-3.86E-02
118.8	-3.73E-02
118.9	-3.47E-02
119	-3.34E-02
119.1	-3.34E-02
119.2	-3.20E-02
119.3	-3.07E-02
119.4	-2.94E-02
119.5	-2.82E-02
119.6	-2.69E-02
119.7	-2.56E-02
119.8	-2.43E-02
119.9	-2.30E-02
120	-2.17E-02
120.1	-1.91E-02
120.2	-1.78E-02
120.3	-1.78E-02
120.4	-1.65E-02
120.5	-1.53E-02
120.6	-1.40E-02
120.7	-1.27E-02
120.8	-1.14E-02
120.9	-1.01E-02
121	-8.87E-03
121.1	-7.60E-03
121.2	-5.06E-03
121.3	-3.79E-03
121.4	-2.53E-03
121.5	-2.53E-03
121.6	-1.26E-03
121.7	0.00E+00
121.8	1.26E-03
121.9	2.52E-03
122	3.78E-03
122.1	5.03E-03
122.2	6.29E-03
122.3	7.54E-03
122.4	1.00E-02
122.5	1.13E-02
122.6	1.13E-02
122.7	1.25E-02
122.8	1.38E-02
122.9	1.50E-02
123	1.63E-02
123.1	1.75E-02
123.2	1.87E-02
123.3	2.00E-02
123.4	2.12E-02
123.5	2.24E-02
123.6	2.49E-02
123.7	2.61E-02
123.8	2.61E-02
123.9	2.73E-02
124	2.85E-02
124.1	2.98E-02
124.2	3.10E-02
124.3	3.22E-02
124.4	3.34E-02
124.5	3.46E-02
124.6	3.58E-02
124.7	3.70E-02
124.8	3.94E-02
124.9	4.06E-02
125	4.06E-02
125.1	4.18E-02
125.2	4.30E-02
125.3	4.42E-02
125.4	4.54E-02
125.5	4.66E-02
125.6	4.78E-02
125.7	4.90E-02
125.8	5.02E-02
125.9	5.14E-02
126	5.37E-02
126.1	5.49E-02
126.2	5.49E-02
126.3	5.61E-02
126.4	5.72E-02
126.5	5.84E-02
126.6	5.96E-02
126.7	6.07E-02
126.8	6.19E-02
126.9	6.25E-02
127	6.07E-02
127.1	5.84E-02
127.2	5.78E-02
127.3	5.61E-02
127.4	5.61E-02
127.5	5.55E-02
127.6	5.37E-02
127.7	5.31E-02
127.8	5.14E-02
127.9	5.08E-02
128	4.90E-02
128.1	4.84E-02
128.2	4.66E-02
128.3	4.42E-02
128.4	4.36E-02
128.5	4.36E-02
128.6	4.18E-02
128.7	4.12E-02
128.8	3.94E-02
128.9	3.88E-02
129	3.70E-02
129.1	3.58E-02
129.2	3.46E-02
129.3	3.34E-02
129.4	3.22E-02
129.5	2.98E-02
129.6	2.91E-02
129.7	2.91E-02
129.8	2.73E-02
129.9	2.67E-02
130	2.49E-02
130.1	2.43E-02
130.2	2.30E-02
130.3	2.18E-02
130.4	2.06E-02
130.5	1.93E-02
130.6	1.81E-02
130.7	1.56E-02
130.8	1.44E-02
130.9	1.44E-02
131	1.31E-02
131.1	1.19E-02
131.2	1.07E-02
131.3	9.41E-03
131.4	8.16E-03
131.5	6.91E-03
131.6	5.66E-03
131.7	4.40E-03
131.8	1.89E-03
131.9	6.31E-04
132	6.31E-04
132.1	-6.31E-04
132.2	-1.89E-03
132.3	-3.16E-03
132.4	-4.43E-03
132.5	-5.69E-03
132.6	-6.96E-03
132.7	-8.24E-03
132.8	-9.51E-03
132.9	-1.08E-02
133	-1.33E-02
133.1	-1.46E-02
133.2	-1.46E-02
133.3	-1.59E-02
133.4	-1.72E-02
133.5	-1.85E-02
133.6	-1.98E-02
133.7	-2.10E-02
133.8	-2.23E-02
133.9	-2.36E-02
134	-2.49E-02
134.1	-2.62E-02
134.2	-2.88E-02
134.3	-3.01E-02
134.4	-3.01E-02
134.5	-3.14E-02
134.6	-3.27E-02
134.7	-3.40E-02
134.8	-3.53E-02
134.9	-3.66E-02
135	-3.79E-02
135.1	-3.92E-02
135.2	-4.05E-02
135.3	-4.32E-02
135.4	-4.45E-02
135.5	-4.58E-02
135.6	-4.58E-02
135.7	-4.71E-02
135.8	-4.84E-02
135.9	-4.97E-02
136	-5.11E-02
136.1	-5.24E-02
136.2	-5.37E-02
136.3	-5.50E-02
136.4	-5.64E-02
136.5	-5.90E-02
136.6	-6.04E-02
136.7	-6.04E-02
136.8	-6.17E-02
136.9	-6.30E-02
137	-6.44E-02
137.1	-6.30E-02
137.2	-6.24E-02
137.3	-6.04E-02
137.4	-5.97E-02
137.5	-5.77E-02
137.6	-5.70E-02
137.7	-5.44E-02
137.8	-5.24E-02
137.9	-5.24E-02
138	-5.17E-02
138.1	-4.97E-02
138.2	-4.91E-02
138.3	-4.71E-02
138.4	-4.65E-02
138.5	-4.45E-02
138.6	-4.38E-02
138.7	-4.19E-02
138.8	-4.05E-02
138.9	-3.79E-02
139	-3.66E-02
139.1	-3.66E-02
139.2	-3.60E-02
139.3	-3.40E-02
139.4	-3.34E-02
139.5	-3.14E-02
139.6	-3.07E-02
139.7	-2.88E-02
139.8	-2.75E-02
139.9	-2.62E-02
140	-2.36E-02
140.1	-2.23E-02
140.2	-2.23E-02
140.3	-2.10E-02
140.4	-1.98E-02
140.5	-1.85E-02
140.6	-1.72E-02
140.7	-1.59E-02
140.8	-1.46E-02
140.9	-1.33E-02
141	-1.21E-02
141.1	-1.08E-02
141.2	-8.24E-03
141.3	-6.96E-03
141.4	-6.96E-03
141.5	-5.69E-03
141.6	-4.43E-03
141.7	-3.16E-03
141.8	-1.89E-03
141.9	-6.31E-04
142	6.31E-04
142.1	1.89E-03
142.2	3.15E-03
142.3	4.40E-03
142.4	6.91E-03
142.5	8.16E-03
142.6	8.16E-03
142.7	9.41E-03
142.8	1.07E-02
142.9	1.19E-02
143	1.31E-02
143.1	1.44E-02
143.2	1.56E-02
143.3	1.69E-02
143.4	1.81E-02
143.5	2.00E-02
143.6	2.12E-02
143.7	2.12E-02
143.8	2.24E-02
143.9	2.36E-02
144	2.49E-02
144.1	2.61E-02
144.2	2.73E-02
144.3	2.85E-02
144.4	2.98E-02
144.5	3.10E-02
144.6	3.22E-02
144.7	3.46E-02
144.8	3.58E-02
144.9	3.58E-02
145	3.70E-02
145.1	3.82E-02
145.2	3.94E-02
145.3	4.06E-02
145.4	4.18E-02
145.5	4.30E-02
145.6	4.42E-02
145.7	4.54E-02
145.8	4.66E-02
145.9	4.90E-02
146	5.02E-02
146.1	5.02E-02
146.2	5.14E-02
146.3	5.25E-02
146.4	5.37E-02
146.5	5.49E-02
146.6	5.61E-02
146.7	5.72E-02
146.8	5.84E-02
146.9	5.96E-02
147	6.07E-02
147.1	6.19E-02
147.2	6.07E-02
147.3	6.07E-02
147.4	5.96E-02
147.5	5.84E-02
147.6	5.72E-02
147.7	5.61E-02
147.8	5.49E-02
147.9	5.37E-02
148	5.25E-02
148.1	5.14E-02
148.2	4.90E-02
148.3	4.78E-02
148.4	4.78E-02
148.5	4.66E-02
148.6	4.54E-02
148.7	4.42E-02
148.8	4.30E-02
148.9	4.18E-02
149	4.06E-02
149.1	3.94E-02
149.2	3.82E-02
149.3	3.70E-02
149.4	3.46E-02
149.5	3.34E-02
149.6	3.34E-02
149.7	3.22E-02
149.8	3.10E-02
149.9	2.98E-02
150	2.85E-02
150.1	2.73E-02
150.2	2.61E-02
150.3	2.49E-02
150.4	2.36E-02
150.5	2.24E-02
150.6	2.00E-02
150.7	1.87E-02
150.8	1.87E-02
150.9	1.75E-02
151	1.63E-02
151.1	1.50E-02
151.2	1.38E-02
151.3	1.25E-02
151.4	1.13E-02
151.5	1.00E-02
151.6	8.79E-03
151.7	6.29E-03
151.8	5.03E-03
151.9	5.03E-03
152	3.78E-03
152.1	2.52E-03
152.2	1.26E-03
152.3	0.00E+00
152.4	-1.26E-03
152.5	-2.53E-03
152.6	-3.79E-03
152.7	-5.06E-03
152.8	-6.33E-03
152.9	-8.87E-03
153	-1.01E-02
153.1	-1.01E-02
153.2	-1.14E-02
153.3	-1.27E-02
153.4	-1.40E-02
153.5	-1.53E-02
153.6	-1.72E-02
153.7	-1.78E-02
153.8	-1.91E-02
153.9	-2.04E-02
154	-2.23E-02
154.1	-2.43E-02
154.2	-2.56E-02
154.3	-2.56E-02
154.4	-2.69E-02
154.5	-2.82E-02
154.6	-3.01E-02
154.7	-3.07E-02
154.8	-3.27E-02
154.9	-3.34E-02
155	-3.53E-02
155.1	-3.60E-02
155.2	-3.79E-02
155.3	-3.99E-02
155.4	-3.99E-02
155.5	-4.12E-02
155.6	-4.32E-02
155.7	-4.38E-02
155.8	-4.58E-02
155.9	-4.65E-02
156	-4.84E-02
156.1	-4.91E-02
156.2	-5.11E-02
156.3	-5.17E-02
156.4	-5.44E-02
156.5	-5.64E-02
156.6	-5.64E-02
156.7	-5.70E-02
156.8	-5.90E-02
156.9	-5.97E-02
157	-6.17E-02
157.1	-6.24E-02
157.2	-6.44E-02
157.3	-6.50E-02
157.4	-6.30E-02
157.5	-6.24E-02
157.6	-5.97E-02
157.7	-5.84E-02
157.8	-5.84E-02
157.9	-5.70E-02
158	-5.57E-02
158.1	-5.44E-02
158.2	-5.24E-02
158.3	-5.17E-02
158.4	-4.97E-02
158.5	-4.91E-02
158.6	-4.71E-02
158.7	-4.65E-02
158.8	-4.38E-02
158.9	-4.38E-02
159	-4.19E-02
159.1	-4.12E-02
159.2	-3.92E-02
159.3	-3.86E-02
159.4	-3.66E-02
159.5	-3.60E-02
159.6	-3.40E-02
159.7	-3.34E-02
159.8	-3.14E-02
159.9	-3.07E-02
160	-2.82E-02
160.1	-2.82E-02
160.2	-2.62E-02
160.3	-2.56E-02
160.4	-2.36E-02
160.5	-2.30E-02
160.6	-2.10E-02
160.7	-2.04E-02
160.8	-1.85E-02
160.9	-1.78E-02
161	-1.59E-02
161.1	-1.33E-02
161.2	-1.27E-02
161.3	-1.27E-02
161.4	-1.08E-02
161.5	-9.51E-03
161.6	-8.24E-03
161.7	-6.96E-03
161.8	-5.69E-03
161.9	-5.06E-03
162	-3.16E-03
162.1	-1.89E-03
162.2	-6.31E-04
162.3	1.89E-03
162.4	3.15E-03
162.5	3.15E-03
162.6	4.40E-03
162.7	5.66E-03
162.8	6.91E-03
162.9	7.54E-03
163	9.41E-03
163.1	1.00E-02
163.2	1.19E-02
163.3	1.25E-02
163.4	1.44E-02
163.5	1.69E-02
163.6	1.69E-02
163.7	1.81E-02
163.8	1.93E-02
163.9	2.06E-02
164	2.18E-02
164.1	2.30E-02
164.2	2.43E-02
164.3	2.49E-02
164.4	2.67E-02
164.5	2.79E-02
164.6	3.04E-02
164.7	3.16E-02
164.8	3.16E-02
164.9	3.28E-02
165	3.40E-02
165.1	3.52E-02
165.2	3.64E-02
165.3	3.76E-02
165.4	3.88E-02
165.5	4.00E-02
165.6	4.12E-02
165.7	4.24E-02
165.8	4.48E-02
165.9	4.60E-02
166	4.60E-02
166.1	4.72E-02
166.2	4.84E-02
166.3	4.96E-02
166.4	5.08E-02
166.5	5.19E-02
166.6	5.31E-02
166.7	5.43E-02
166.8	5.55E-02
166.9	5.66E-02
167	5.90E-02
167.1	5.90E-02
167.2	6.02E-02
167.3	6.13E-02
167.4	6.25E-02
167.5	6.13E-02
167.6	6.02E-02
167.7	5.90E-02
167.8	5.78E-02
167.9	5.66E-02
168	5.55E-02
168.1	5.43E-02
168.2	5.19E-02
168.3	5.19E-02
168.4	5.08E-02
168.5	4.96E-02
168.6	4.84E-02
168.7	4.72E-02
168.8	4.60E-02
168.9	4.48E-02
169	4.36E-02
169.1	4.24E-02
169.2	4.12E-02
169.3	3.88E-02
169.4	3.76E-02
169.5	3.76E-02
169.6	3.64E-02
169.7	3.52E-02
169.8	3.40E-02
169.9	3.28E-02
170	3.16E-02
170.1	3.04E-02
170.2	2.91E-02
170.3	2.79E-02
170.4	2.67E-02
170.5	2.43E-02
170.6	2.43E-02
170.7	2.30E-02
170.8	2.18E-02
170.9	2.06E-02
171	2.00E-02
171.1	1.87E-02
171.2	1.75E-02
171.3	1.63E-02
171.4	1.50E-02
171.5	1.31E-02
171.6	1.25E-02
171.7	1.00E-02
171.8	1.00E-02
171.9	8.79E-03
172	7.54E-03
172.1	6.29E-03
172.2	5.03E-03
172.3	3.78E-03
172.4	2.52E-03
172.5	6.31E-04
172.6	0.00E+00
172.7	-1.89E-03
172.8	-4.43E-03
172.9	-5.06E-03
173	-5.06E-03
173.1	-6.96E-03
173.2	-7.60E-03
173.3	-8.87E-03
173.4	-1.01E-02
173.5	-1.21E-02
173.6	-1.27E-02
173.7	-1.46E-02
173.8	-1.53E-02
173.9	-1.72E-02
174	-1.98E-02
174.1	-2.04E-02
174.2	-2.04E-02
174.3	-2.23E-02
174.4	-2.30E-02
174.5	-2.49E-02
174.6	-2.56E-02
174.7	-2.75E-02
174.8	-2.82E-02
174.9	-3.01E-02
175	-3.07E-02
175.1	-3.27E-02
175.2	-3.53E-02
175.3	-3.53E-02
175.4	-3.60E-02
175.5	-3.79E-02
175.6	-3.86E-02
175.7	-4.05E-02
175.8	-4.12E-02
175.9	-4.32E-02
176	-4.38E-02
176.1	-4.58E-02
176.2	-4.65E-02
176.3	-4.84E-02
176.4	-5.11E-02
176.5	-5.11E-02
176.6	-5.17E-02
176.7	-5.37E-02
176.8	-5.44E-02
176.9	-5.64E-02
177	-5.70E-02
177.1	-5.90E-02
177.2	-5.97E-02
177.3	-6.17E-02
177.4	-6.30E-02
177.5	-6.44E-02
177.6	-6.30E-02
177.7	-6.30E-02
177.8	-6.17E-02
177.9	-6.04E-02
178	-5.90E-02
178.1	-5.77E-02
178.2	-5.64E-02
178.3	-5.50E-02
178.4	-5.37E-02
178.5	-5.24E-02
178.6	-5.11E-02
178.7	-4.84E-02
178.8	-4.84E-02
178.9	-4.71E-02
179	-4.58E-02
179.1	-4.45E-02
179.2	-4.32E-02
179.3	-4.19E-02
179.4	-4.05E-02
179.5	-3.92E-02
179.6	-3.79E-02
179.7	-3.66E-02
179.8	-3.53E-02
179.9	-3.27E-02
180	-3.27E-02
180.1	-3.14E-02
180.2	-3.01E-02
180.3	-2.88E-02
180.4	-2.75E-02
180.5	-2.56E-02
180.6	-2.49E-02
180.7	-2.36E-02
180.8	-2.23E-02
180.9	-2.10E-02
181	-1.98E-02
181.1	-1.72E-02
181.2	-1.72E-02
181.3	-1.59E-02
181.4	-1.46E-02
181.5	-1.27E-02
181.6	-1.21E-02
181.7	-1.01E-02
181.8	-9.51E-03
181.9	-7.60E-03
182	-6.96E-03
182.1	-5.06E-03
182.2	-2.53E-03
182.3	-2.53E-03
182.4	-1.89E-03
182.5	0.00E+00
182.6	6.31E-04
182.7	2.52E-03
182.8	3.15E-03
182.9	5.03E-03
183	5.66E-03
183.1	7.54E-03
183.2	8.16E-03
183.3	1.00E-02
183.4	1.25E-02
183.5	1.25E-02
183.6	1.31E-02
183.7	1.50E-02
183.8	1.56E-02
183.9	1.75E-02
184	1.81E-02
184.1	2.00E-02
184.2	2.06E-02
184.3	2.24E-02
184.4	2.30E-02
184.5	2.49E-02
184.6	2.73E-02
184.7	2.73E-02
184.8	2.73E-02
184.9	2.91E-02
185	2.98E-02
185.1	3.16E-02
185.2	3.22E-02
185.3	3.40E-02
185.4	3.52E-02
185.5	3.64E-02
185.6	3.76E-02
185.7	3.94E-02
185.8	3.94E-02
185.9	4.12E-02
186	4.18E-02
186.1	4.36E-02
186.2	4.42E-02
186.3	4.60E-02
186.4	4.72E-02
186.5	4.84E-02
186.6	4.96E-02
186.7	5.08E-02
186.8	5.19E-02
186.9	5.43E-02
187	5.43E-02
187.1	5.55E-02
187.2	5.66E-02
187.3	5.78E-02
187.4	5.90E-02
187.5	6.02E-02
187.6	6.13E-02
187.7	6.25E-02
187.8	6.13E-02
187.9	6.02E-02
188	5.90E-02
188.1	5.66E-02
188.2	5.66E-02
188.3	5.55E-02
188.4	5.43E-02
188.5	5.31E-02
188.6	5.19E-02
188.7	5.08E-02
188.8	0.049578211
188.9	0.048392752
189	0.047205224
189.1	0.046015635
189.2	0.044823994
189.3	0.042434586
189.4	0.042434586
189.5	0.041236836
189.6	0.039436428
189.7	0.038835288
189.8	0.037631507
189.9	0.036425732
190	0.035217972
190.1	0.034008235
190.2	0.032796531
190.3	0.031582868
190.4	0.029149699
190.5	0.029149699
190.6	0.02793021
190.7	0.026708798
190.8	0.024873091
190.9	0.024260236
191	0.023033104
191.1	0.021804083
191.2	0.020573183
191.3	0.019340412
191.4	0.018105778
191.5	0.016869292
191.6	0.014390798
191.7	0.014390798
191.8	0.012527131
191.9	0.011905001
192	0.010035905
192.1	0.009411975
192.2	0.008162774
192.3	0.006911793
192.4	0.005032005
192.5	0.004404529
192.6	0.002519478
192.7	0.001890257
192.8	-0.000630947
192.9	-0.000630947
193	-0.002526354
193.1	-0.003159009
193.2	-0.00505951
193.3	-0.005693852
193.4	-0.007599389
193.5	-0.008235401
193.6	-0.010145918
193.7	-0.01078358
193.8	-0.012699018
193.9	-0.015258612
194	-0.015258612
194.1	-0.015899517
194.2	-0.017824624
194.3	-0.01846712
194.4	-0.020396975
194.5	-0.021041043
194.6	-0.022975586
194.7	-0.024267215
194.8	-0.025560379
194.9	-0.02685507
195	-0.028151276
195.1	-0.030748196
195.2	-0.030748196
195.3	-0.03204889
195.4	-0.03335106
195.5	-0.034002695
195.6	-0.035959788
195.7	-0.037266325
195.8	-0.038574299
195.9	-0.039883698
196	-0.041194512
196.1	-0.042506732
196.2	-0.043820347
196.3	-0.046451722
196.4	-0.046451722
196.5	-0.047769462
196.6	-0.049088555
196.7	-0.050408993
196.8	-0.051730764
196.9	-0.053053859
197	-0.054378267
197.1	-0.055703977
197.2	-0.05703098
197.3	-0.058359265
197.4	-0.059688821
197.5	-0.059688821
197.6	-0.062351706
197.7	-0.063685015
197.8	-0.063685015
197.9	-0.062351706
198	-0.061019638
198.1	-0.059688821
198.2	-0.058359265
198.3	-0.05703098
198.4	-0.055703977
198.5	-0.054378267
198.6	-0.051730764
198.7	-0.051730764
198.8	-0.050408993
198.9	-0.049088555
199	-0.04842884
199.1	-0.047110422
199.2	-0.045793364
199.3	-0.044477675
199.4	-0.043163366
199.5	-0.041850447
199.6	-0.040538929
199.7	-0.039228821
199.8	-0.036612876
199.9	-0.036612876
200	-0.03530706
200.1	-0.034002695
200.2	-0.032699791
200.3	-0.031398358
200.4	-0.030098405
200.5	-0.028151276
200.6	-0.027502984
200.7	-0.026207534
200.8	-0.024913606
200.9	-0.023621208
201	-0.021041043
201.1	-0.021041043
201.2	-0.019753297
201.3	-0.01846712
201.4	-0.017182524
201.5	-0.015258612
201.6	-0.014618109
201.7	-0.012699018
201.8	-0.012060131
201.9	-0.01078358
202	-0.009508667
202.1	-0.006963793
202.2	-0.006963793
202.3	-0.005693852
202.4	-0.004425587
202.5	-0.002526354
202.6	-0.001894125
202.7	0
202.8	0.000630517
202.9	0.002519478
203	0.003148264
203.1	0.004404529
203.2	0.005659042
203.3	0.008162774
203.4	0.008162774
203.5	0.010035905
203.6	0.010659387
203.7	0.012527131
203.8	0.013148808
203.9	0.015011109
204	0.015630963
204.1	0.017487767
204.2	0.018105778
204.3	0.019957031
204.4	0.020573183
204.5	0.023033104
204.6	0.023033104
204.7	0.024873091
204.8	0.02548547
204.9	0.027319744
205	0.02793021
205.1	0.029758718
205.2	0.030367254
205.3	0.032189944
205.4	0.032796531
205.5	0.03461335
205.6	0.035217972
205.7	0.035217972
205.8	0.037631507
205.9	0.039436428
206	0.040037067
206.1	0.041835964
206.2	0.042434586
206.3	0.044227406
206.4	0.044823994
206.5	0.046610687
206.6	0.047205224
206.7	0.048985741
206.8	0.051352501
206.9	0.051352501
207	0.05253275
207.1	0.053710901
207.2	0.054299188
207.3	0.056060877
207.4	0.056647047
207.5	0.058402363
207.6	0.0589864
207.7	0.060735295
207.8	0.061898533
207.9	0.061898533
208	0.0589864
208.1	0.0589864
208.2	0.058402363
208.3	0.056647047
208.4	0.056060877
208.5	0.054299188
208.6	0.053710901
208.7	0.051942887
208.8	0.051352501
208.9	0.050170162
209	0.048985741
209.1	0.047205224
209.2	0.047205224
209.3	0.044823994
209.4	0.044227406
209.5	0.042434586
209.6	0.041835964
209.7	0.040037067
209.8	0.039436428
209.9	0.037631507
210	0.037028868
210.1	0.035217972
210.2	0.03461335
210.3	0.032796531
210.4	0.032796531
210.5	0.030367254
210.6	0.029758718
210.7	0.02793021
210.8	0.027319744
210.9	0.02548547
211	0.024873091
211.1	0.023033104
211.2	0.022418829
211.3	0.020573183
211.4	0.019957031
211.5	0.017487767
211.6	0.017487767
211.7	0.015630963
211.8	0.015011109
211.9	0.013148808
212	0.012527131
212.1	0.010659387
212.2	0.010035905
212.3	0.008162774
212.4	0.007537505
212.5	0.005659042
212.6	0.005032005
212.7	0.005032005
212.8	0.002519478
212.9	0.000630517
213	0
213.1	-0.000630947
213.2	-0.002526354
213.3	-0.003159009
213.4	-0.00505951
213.5	-0.005693852
213.6	-0.007599389
213.7	-0.008235401
213.8	-0.01078358
213.9	-0.01078358
214	-0.012699018
214.1	-0.013338311
214.2	-0.015258612
214.3	-0.015899517
214.4	-0.017824624
214.5	-0.019110012
214.6	-0.020396975
214.7	-0.021041043
214.8	-0.022975586
214.9	-0.024267215
215	-0.02685507
215.1	-0.02685507
215.2	-0.028151276
215.3	-0.029448988
215.4	-0.030748196
215.5	-0.03204889
215.6	-0.03335106
215.7	-0.034654696
215.8	-0.035959788
215.9	-0.037266325
216	-0.038574299
216.1	-0.039883698
216.2	-0.042506732
216.3	-0.042506732
216.4	-0.043820347
216.5	-0.045135347
216.6	-0.046451722
216.7	-0.047769462
216.8	-0.049088555
216.9	-0.050408993
217	-0.051730764
217.1	-0.053053859
217.2	-0.054378267
217.3	-0.055703977
217.4	-0.055703977
217.5	-0.058359265
217.6	-0.059688821
217.7	-0.061019638
217.8	-0.062351706
217.9	-0.063685015
218	-0.064352131
218.1	-0.062351706
218.2	-0.061685517
218.3	-0.059688821
218.4	-0.058359265
218.5	-0.05703098
218.6	-0.05703098
218.7	-0.054378267
218.8	-0.053053859
218.9	-0.051730764
219	-0.050408993
219.1	-0.049088555
219.2	-0.047769462
219.3	-0.046451722
219.4	-0.045135347
219.5	-0.043820347
219.6	-0.042506732
219.7	-0.039883698
219.8	-0.039883698
219.9	-0.038574299
220	-0.037266325
220.1	-0.035959788
220.2	-0.034654696
220.3	-0.03335106
220.4	-0.03204889
220.5	-0.030748196
220.6	-0.029448988
220.7	-0.028151276
220.8	-0.02685507
220.9	-0.02685507
221	-0.024267215
221.1	-0.022975586
221.2	-0.021685503
221.3	-0.020396975
221.4	-0.019110012
221.5	-0.017824624
221.6	-0.016540821
221.7	-0.015258612
221.8	-0.013978008
221.9	-0.012699018
222	-0.011421651
222.1	-0.011421651
222.2	-0.008871827
222.3	-0.007599389
222.4	-0.006328614
222.5	-0.00505951
222.6	-0.003792087
222.7	-0.002526354
222.8	-0.001262322
222.9	0
223	0.001260603
223.1	0.002519478
223.2	0.005032005
223.3	0.005032005
223.4	0.006285638
223.5	0.007537505
223.6	0.008787598
223.7	0.010035905
223.8	0.01128242
223.9	0.012527131
224	0.013770031
224.1	0.015011109
224.2	0.016250358
224.3	0.017487767
224.4	0.017487767
224.5	0.019957031
224.6	0.021188868
224.7	0.022418829
224.8	0.023646907
224.9	0.024873091
225	0.026097373
225.1	0.027319744
225.2	0.028540196
225.3	0.029758718
225.4	0.030975304
225.5	0.032189944
225.6	0.032189944
225.7	0.03461335
225.8	0.035822099
225.9	0.037028868
226	0.038233647
226.1	0.039436428
226.2	0.041236836
226.3	0.041835964
226.4	0.043032701
226.5	0.044227406
226.6	0.045420071
226.7	0.046610687
226.8	0.046610687
226.9	0.048985741
227	0.050170162
227.1	0.051352501
227.2	0.051942887
227.3	0.053122088
227.4	0.054299188
227.5	0.056060877
227.6	0.056647047
227.7	0.058402363
227.8	0.0589864
227.9	0.061317184
228	0.061317184
228.1	0.063059609
228.2	0.061317184
228.3	0.060735295
228.4	0.0589864
228.5	0.058402363
228.6	0.056647047
228.7	0.056060877
228.8	0.054299188
228.9	0.053710901
229	0.051942887
229.1	0.051942887
229.2	0.049578211
229.3	0.048985741
229.4	0.047205224
229.5	0.046610687
229.6	0.044823994
229.7	0.044227406
229.8	0.042434586
229.9	0.041835964
230	0.040037067
230.1	0.039436428
230.2	0.037631507
230.3	0.037631507
230.4	0.035217972
230.5	0.03461335
230.6	0.032796531
230.7	0.032189944
230.8	0.030367254
230.9	0.029758718
231	0.02793021
231.1	0.027319744
231.2	0.02548547
231.3	0.024260236
231.4	0.021804083
231.5	0.021804083
231.6	0.020573183
231.7	0.019957031
231.8	0.018105778
231.9	0.017487767
232	0.015630963
232.1	0.015011109
232.2	0.013148808
232.3	0.011905001
232.4	0.010659387
232.5	0.009411975
232.6	0.009411975
232.7	0.006911793
232.8	0.005659042
232.9	0.004404529
233	0.003148264
233.1	0.002519478
233.2	0.000630517
233.3	-0.000630947
233.4	-0.001894125
233.5	-0.003159009
233.6	-0.004425587
233.7	-0.005693852
233.8	-0.005693852
233.9	-0.008235401
234	-0.009508667
234.1	-0.01078358
234.2	-0.012060131
234.3	-0.013338311
234.4	-0.014618109
234.5	-0.015899517
234.6	-0.017182524
234.7	-0.01846712
234.8	-0.019753297
234.9	-0.021041043
235	-0.021041043
235.1	-0.023621208
235.2	-0.024913606
235.3	-0.026207534
235.4	-0.027502984
235.5	-0.028799944
235.6	-0.030098405
235.7	-0.031398358
235.8	-0.032699791
235.9	-0.034002695
236	-0.03530706
236.1	-0.03530706
236.2	-0.037920133
236.3	-0.039228821
236.4	-0.040538929
236.5	-0.041850447
236.6	-0.043163366
236.7	-0.044477675
236.8	-0.045793364
236.9	-0.047110422
237	-0.04842884
237.1	-0.049748607
237.2	-0.051069712
237.3	-0.051069712
237.4	-0.053715899
237.5	-0.05504096
237.6	-0.056367318
237.7	-0.057694963
237.8	-0.059023885
237.9	-0.060354073
238	-0.061685517
238.1	-0.063018206
238.2	-0.064352131
238.3	-0.063018206
238.4	-0.061685517
238.5	-0.061685517
238.6	-0.059023885
238.7	-0.057694963
238.8	-0.056367318
238.9	-0.05504096
239	-0.053715899
239.1	-0.052392147
239.2	-0.051069712
239.3	-0.049748607
239.4	-0.04842884
239.5	-0.047110422
239.6	-0.044477675
239.7	-0.044477675
239.8	-0.043163366
239.9	-0.041850447
240	-0.040538929
240.1	-0.039228821
240.2	-0.037920133
240.3	-0.036612876
240.4	-0.03530706
240.5	-0.034002695
240.6	-0.032699791
240.7	-0.031398358
240.8	-0.031398358
240.9	-0.028799944
241	-0.027502984
241.1	-0.026207534
241.2	-0.024913606
241.3	-0.023621208
241.4	-0.02233035
241.5	-0.021041043
241.6	-0.020396975
241.7	-0.019110012
241.8	-0.017824624
241.9	-0.016540821
242	-0.016540821
242.1	-0.013978008
242.2	-0.012699018
242.3	-0.011421651
242.4	-0.010145918
242.5	-0.008871827
242.6	-0.007599389
242.7	-0.006328614
242.8	-0.00505951
242.9	-0.003792087
243	-0.002526354
243.1	-0.001262322
243.2	-0.001262322
243.3	0.001890257
243.4	0.002519478
243.5	0.003776615
243.6	0.005032005
243.7	0.006285638
243.8	0.007537505
243.9	0.008787598
244	0.010035905
244.1	0.01128242
244.2	0.012527131
244.3	0.013770031
244.4	0.013770031
244.5	0.016250358
244.6	0.017487767
244.7	0.019340412
244.8	0.019957031
244.9	0.021188868
245	0.022418829
245.1	0.023646907
245.2	0.024873091
245.3	0.026097373
245.4	0.027319744
245.5	0.029149699
245.6	0.029149699
245.7	0.031582868
245.8	0.032189944
245.9	0.034008235
246	0.03461335
246.1	0.036425732
246.2	0.037028868
246.3	0.038835288
246.4	0.039436428
246.5	0.041236836
246.6	0.041835964
246.7	0.041835964
246.8	0.044227406
246.9	0.046015635
247	0.046610687
247.1	0.048392752
247.2	0.048985741
247.3	0.050761592
247.4	0.051352501
247.5	0.053122088
247.6	0.053710901
247.7	0.055474176
247.8	0.056060877
247.9	0.056060877
248	0.058402363
248.1	0.060152867
248.2	0.060735295
248.3	0.062479342
248.4	0.062479342
248.5	0.060735295
248.6	0.060152867
248.7	0.058402363
248.8	0.057817791
248.9	0.056060877
249	0.055474176
249.1	0.055474176
249.2	0.053122088
249.3	0.051352501
249.4	0.050761592
249.5	0.048985741
249.6	0.048392752
249.7	0.046610687
249.8	0.046015635
249.9	0.044227406
250	0.043630308
250.1	0.041835964
250.2	0.041835964
250.3	0.039436428
250.4	0.038835288
250.5	0.037028868
250.6	0.036425732
250.7	0.03461335
250.8	0.034008235
250.9	0.032189944
251	0.031582868
251.1	0.029758718
251.2	0.029149699
251.3	0.027319744
251.4	0.027319744
251.5	0.024873091
251.6	0.023646907
251.7	0.022418829
251.8	0.021188868
251.9	0.019957031
252	0.019340412
252.1	0.017487767
252.2	0.016869292
252.3	0.015011109
252.4	0.013770031
252.5	0.013770031
252.6	0.012527131
252.7	0.010035905
252.8	0.008787598
252.9	0.007537505
253	0.006285638
253.1	0.005032005
253.2	0.003776615
253.3	0.002519478
253.4	0.001260603
253.5	0
253.6	-0.001262322
253.7	-0.001262322
253.8	-0.003792087
253.9	-0.00505951
254	-0.006328614
254.1	-0.007599389
254.2	-0.008871827
254.3	-0.010145918
254.4	-0.011421651
254.5	-0.012699018
254.6	-0.013978008
254.7	-0.015258612
254.8	-0.016540821
254.9	-0.016540821
255	-0.019110012
255.1	-0.020396975
255.2	-0.021685503
255.3	-0.022975586
255.4	-0.024267215
255.5	-0.025560379
255.6	-0.02685507
255.7	-0.028151276
255.8	-0.029448988
255.9	-0.030098405
256	-0.030098405
256.1	-0.031398358
256.2	-0.034002695
256.3	-0.03530706
256.4	-0.036612876
256.5	-0.037920133
256.6	-0.039228821
256.7	-0.040538929
256.8	-0.041850447
256.9	-0.043163366
257	-0.044477675
257.1	-0.045793364
257.2	-0.045793364
257.3	-0.04842884
257.4	-0.049748607
257.5	-0.051069712
257.6	-0.052392147
257.7	-0.053715899
257.8	-0.05504096
257.9	-0.056367318
258	-0.057694963
258.1	-0.059023885
258.2	-0.060354073
258.3	-0.061685517
258.4	-0.061685517
258.5	-0.064352131
258.6	-0.063018206
258.7	-0.061685517
258.8	-0.060354073
258.9	-0.059023885
259	-0.057694963
259.1	-0.056367318
259.2	-0.05504096
259.3	-0.053715899
259.4	-0.052392147
259.5	-0.052392147
259.6	-0.051069712
259.7	-0.04842884
259.8	-0.047110422
259.9	-0.045793364
260	-0.044477675
260.1	-0.043163366
260.2	-0.041850447
260.3	-0.040538929
260.4	-0.039228821
260.5	-0.037920133
260.6	-0.036612876
260.7	-0.036612876
260.8	-0.034002695
260.9	-0.032699791
261	-0.031398358
261.1	-0.030098405
261.2	-0.028799944
261.3	-0.027502984
261.4	-0.026207534
261.5	-0.024913606
261.6	-0.023621208
261.7	-0.02233035
261.8	-0.021041043
261.9	-0.019753297
262	-0.019753297
262.1	-0.017182524
262.2	-0.015899517
262.3	-0.014618109
262.4	-0.013338311
262.5	-0.012060131
262.6	-0.01078358
262.7	-0.009508667
262.8	-0.008235401
262.9	-0.006963793
263	-0.005693852
263.1	-0.005693852
263.2	-0.004425587
263.3	-0.001894125
263.4	-0.000630947
263.5	0.000630517
263.6	0.001890257
263.7	0.003148264
263.8	0.004404529
263.9	0.005659042
264	0.006911793
264.1	0.008162774
264.2	0.009411975
264.3	0.009411975
264.4	0.010659387
264.5	0.013148808
264.6	0.014390798
264.7	0.015630963
264.8	0.016869292
264.9	0.018105778
265	0.019340412
265.1	0.020573183
265.2	0.021804083
265.3	0.023033104
265.4	0.024260236
265.5	0.024260236
265.6	0.02548547
265.7	0.02793021
265.8	0.029149699
265.9	0.030367254
266	0.031582868
266.1	0.032796531
266.2	0.034008235
266.3	0.035217972
266.4	0.036425732
266.5	0.037631507
266.6	0.038835288
266.7	0.040037067
266.8	0.040037067
266.9	0.042434586
267	0.043630308
267.1	0.044823994
267.2	0.046015635
267.3	0.047205224
267.4	0.048392752
267.5	0.049578211
267.6	0.050761592
267.7	0.051942887
267.8	0.053122088
267.9	0.054299188
268	0.054299188
268.1	0.056647047
268.2	0.057817791
268.3	0.0589864
268.4	0.060152867
268.5	0.061317184
268.6	0.062479342
268.7	0.061317184
268.8	0.060735295
268.9	0.0589864
269	0.058402363
269.1	0.056647047
269.2	0.056647047
269.3	0.054299188
269.4	0.053710901
269.5	0.051942887
269.6	0.051352501
269.7	0.049578211
269.8	0.048985741
269.9	0.048392752
270	0.046610687
270.1	0.046015635
270.2	0.044227406
270.3	0.043630308
270.4	0.041835964
270.5	0.041835964
270.6	0.041236836
270.7	0.038835288
270.8	0.037028868
270.9	0.036425732
271	0.03461335
271.1	0.034008235
271.2	0.032796531
271.3	0.031582868
271.4	0.029758718
271.5	0.029149699
271.6	0.027319744
271.7	0.027319744
271.8	0.026708798
271.9	0.023646907
272	0.022418829
272.1	0.021804083
272.2	0.019957031
272.3	0.019340412
272.4	0.017487767
272.5	0.016869292
272.6	0.015011109
272.7	0.014390798
272.8	0.012527131
272.9	0.012527131
273	0.010035905
273.1	0.008787598
273.2	0.007537505
273.3	0.006285638
273.4	0.005032005
273.5	0.003776615
273.6	0.002519478
273.7	0.001890257
273.8	0
273.9	-0.001262322
274	-0.001262322
274.1	-0.002526354
274.2	-0.00505951
274.3	-0.006328614
274.4	-0.007599389
274.5	-0.008871827
274.6	-0.010145918
274.7	-0.011421651
274.8	-0.012699018
274.9	-0.013978008
275	-0.015258612
275.1	-0.016540821
275.2	-0.016540821
275.3	-0.017824624
275.4	-0.020396975
275.5	-0.021685503
275.6	-0.022975586
275.7	-0.024267215
275.8	-0.025560379
275.9	-0.02685507
276	-0.028151276
276.1	-0.029448988
276.2	-0.030748196
276.3	-0.03204889
276.4	-0.03204889
276.5	-0.034654696
276.6	-0.035959788
276.7	-0.037266325
276.8	-0.038574299
276.9	-0.039883698
277	-0.041194512
277.1	-0.042506732
277.2	-0.043820347
277.3	-0.045135347
277.4	-0.046451722
277.5	-0.047769462
277.6	-0.049088555
277.7	-0.049088555
277.8	-0.050408993
277.9	-0.053053859
278	-0.054378267
278.1	-0.055703977
278.2	-0.05703098
278.3	-0.058359265
278.4	-0.059688821
278.5	-0.061019638
278.6	-0.062351706
278.7	-0.064352131
278.8	-0.064352131
278.9	-0.064352131
279	-0.062351706
279.1	-0.059688821
279.2	-0.058359265
279.3	-0.05703098
279.4	-0.055703977
279.5	-0.054378267
279.6	-0.053053859
279.7	-0.051730764
279.8	-0.050408993
279.9	-0.049088555
280	-0.049088555
280.1	-0.047769462
280.2	-0.045135347
280.3	-0.043820347
280.4	-0.042506732
280.5	-0.041194512
280.6	-0.039883698
280.7	-0.038574299
280.8	-0.037266325
280.9	-0.035959788
281	-0.034654696
281.1	-0.03335106
281.2	-0.03204889
281.3	-0.030748196
281.4	-0.030748196
281.5	-0.029448988
281.6	-0.02685507
281.7	-0.025560379
281.8	-0.024267215
281.9	-0.022975586
282	-0.021685503
282.1	-0.020396975
282.2	-0.019110012
282.3	-0.017824624
282.4	-0.016540821
282.5	-0.015258612
282.6	-0.015258612
282.7	-0.012699018
282.8	-0.011421651
282.9	-0.010145918
283	-0.008871827
283.1	-0.007599389
283.2	-0.006328614
283.3	-0.00505951
283.4	-0.003792087
283.5	-0.003159009
283.6	-0.001894125
283.7	-0.001894125
283.8	-0.000630947
283.9	0.001890257
284	0.003148264
284.1	0.004404529
284.2	0.005659042
284.3	0.006911793
284.4	0.008162774
284.5	0.009411975
284.6	0.010659387
284.7	0.011905001
284.8	0.013148808
284.9	0.013148808
285	0.014390798
285.1	0.016869292
285.2	0.018105778
285.3	0.019340412
285.4	0.020573183
285.5	0.021804083
285.6	0.023033104
285.7	0.024260236
285.8	0.02548547
285.9	0.026708798
286	0.02793021
286.1	0.02793021
286.2	0.029149699
286.3	0.031582868
286.4	0.032796531
286.5	0.034008235
286.6	0.035217972
286.7	0.036425732
286.8	0.037631507
286.9	0.038835288
287	0.040037067
287.1	0.041236836
287.2	0.041236836
287.3	0.042434586
287.4	0.044823994
287.5	0.046610687
287.6	0.047205224
287.7	0.048985741
287.8	0.049578211
287.9	0.051352501
288	0.051942887
288.1	0.053710901
288.2	0.054299188
288.3	0.055474176
288.4	0.055474176
288.5	0.056647047
288.6	0.0589864
288.7	0.060735295
288.8	0.061317184
288.9	0.063059609
289	0.061898533
289.1	0.060735295
289.2	0.059569902
289.3	0.058402363
289.4	0.056647047
289.5	0.056060877
289.6	0.056060877
289.7	0.054299188
289.8	0.051942887
289.9	0.051352501
290	0.049578211
290.1	0.048985741
290.2	0.047799246
290.3	0.046610687
290.4	0.044823994
290.5	0.044227406
290.6	0.042434586
290.7	0.042434586
290.8	0.041835964
290.9	0.039436428
291	0.037631507
291.1	0.037028868
291.2	0.035217972
291.3	0.03461335
291.4	0.032796531
291.5	0.032189944
291.6	0.030367254
291.7	0.029758718
291.8	0.02793021
291.9	0.02793021
292	0.027319744
292.1	0.024873091
292.2	0.023033104
292.3	0.022418829
292.4	0.020573183
292.5	0.019957031
292.6	0.018105778
292.7	0.017487767
292.8	0.015630963
292.9	0.015011109
293	0.013148808
293.1	0.013148808
293.2	0.012527131
293.3	0.009411975
293.4	0.008162774
293.5	0.007537505
293.6	0.005659042
293.7	0.005032005
293.8	0.003148264
293.9	0.002519478
294	0.000630517
294.1	0
294.2	0
294.3	-0.001894125
294.4	-0.003159009
294.5	-0.005693852
294.6	-0.006963793
294.7	-0.007599389
294.8	-0.009508667
294.9	-0.010145918
295	-0.012060131
295.1	-0.012699018
295.2	-0.014618109
295.3	-0.015899517
295.4	-0.015899517
295.5	-0.017182524
295.6	-0.019753297
295.7	-0.021041043
295.8	-0.02233035
295.9	-0.023621208
296	-0.024913606
296.1	-0.026207534
296.2	-0.027502984
296.3	-0.028799944
296.4	-0.030098405
296.5	-0.031398358
296.6	-0.031398358
296.7	-0.032699791
296.8	-0.03530706
296.9	-0.036612876
297	-0.037920133
297.1	-0.039228821
297.2	-0.039883698
297.3	-0.041194512
297.4	-0.042506732
297.5	-0.043820347
297.6	-0.045135347
297.7	-0.046451722
297.8	-0.046451722
297.9	-0.047769462
298	-0.050408993
298.1	-0.051730764
298.2	-0.053053859
298.3	-0.054378267
298.4	-0.055703977
298.5	-0.05703098
298.6	-0.058359265
298.7	-0.059688821
298.8	-0.061019638
298.9	-0.061019638
299	-0.062351706
299.1	-0.063685015
299.2	-0.062351706
299.3	-0.061019638
299.4	-0.059688821
299.5	-0.058359265
299.6	-0.05703098
299.7	-0.055703977
299.8	-0.054378267
299.9	-0.053053859
300	-0.051730764
300.1	-0.051730764
300.2	-0.050408993
300.3	-0.047769462
300.4	-0.046451722
300.5	-0.045135347
300.6	-0.043820347
300.7	-0.042506732
300.8	-0.041194512
300.9	-0.039883698
301	-0.038574299
301.1	-0.037266325
301.2	-0.035959788
301.3	-0.035959788
301.4	-0.034654696
301.5	-0.03204889
301.6	-0.030748196
301.7	-0.029448988
301.8	-0.028151276
301.9	-0.02685507
302	-0.025560379
302.1	-0.024267215
302.2	-0.022975586
302.3	-0.021685503
302.4	-0.021685503
302.5	-0.020396975
302.6	-0.019110012
302.7	-0.016540821
302.8	-0.015258612
302.9	-0.013978008
303	-0.012699018
303.1	-0.011421651
303.2	-0.010145918
303.3	-0.008871827
303.4	-0.007599389
303.5	-0.006328614
303.6	-0.006328614
303.7	-0.00505951
303.8	-0.002526354
303.9	-0.001262322
304	0