0	0.00E+00
0.1	1.26E-03
0.2	2.51E-03
0.3	2.51E-03
0.4	3.76E-03
0.5	5.01E-03
0.6	6.26E-03
0.7	7.51E-03
0.8	8.76E-03
0.9	1.12E-02
1	1.25E-02
1.1	1.37E-02
1.2	1.50E-02
1.3	1.62E-02
1.4	1.74E-02
1.5	1.74E-02
1.6	1.87E-02
1.7	1.99E-02
1.8	2.11E-02
1.9	2.23E-02
2	2.36E-02
2.1	2.60E-02
2.2	2.72E-02
2.3	2.85E-02
2.4	2.97E-02
2.5	3.09E-02
2.6	3.09E-02
2.7	3.21E-02
2.8	3.33E-02
2.9	3.45E-02
3	3.57E-02
3.1	3.69E-02
3.2	3.81E-02
3.3	3.99E-02
3.4	4.05E-02
3.5	4.17E-02
3.6	4.29E-02
3.7	4.41E-02
3.8	4.41E-02
3.9	4.47E-02
4	4.53E-02
4.1	4.65E-02
4.2	4.71E-02
4.3	4.77E-02
4.4	4.89E-02
4.5	5.00E-02
4.6	5.12E-02
4.7	5.18E-02
4.8	5.24E-02
4.9	5.30E-02
5	5.30E-02
5.1	5.36E-02
5.2	5.42E-02
5.3	5.42E-02
5.4	5.48E-02
5.5	5.53E-02
5.6	5.65E-02
5.7	5.65E-02
5.8	5.71E-02
5.9	5.77E-02
6	5.83E-02
6.1	5.83E-02
6.2	5.83E-02
6.3	5.83E-02
6.4	5.88E-02
6.5	5.88E-02
6.6	5.88E-02
6.7	5.94E-02
6.8	5.94E-02
6.9	6.00E-02
7	6.00E-02
7.1	6.00E-02
7.2	6.00E-02
7.3	6.00E-02
7.4	6.00E-02
7.5	6.00E-02
7.6	6.00E-02
7.7	6.00E-02
7.8	6.00E-02
7.9	6.00E-02
8	6.00E-02
8.1	6.00E-02
8.2	6.00E-02
8.3	5.94E-02
8.4	5.94E-02
8.5	5.94E-02
8.6	5.94E-02
8.7	5.88E-02
8.8	5.88E-02
8.9	5.88E-02
9	5.83E-02
9.1	5.83E-02
9.2	5.77E-02
9.3	5.77E-02
9.4	5.71E-02
9.5	5.71E-02
9.6	5.71E-02
9.7	5.71E-02
9.8	5.65E-02
9.9	5.65E-02
10	5.59E-02
10.1	5.48E-02
10.2	5.48E-02
10.3	5.36E-02
10.4	5.36E-02
10.5	5.24E-02
10.6	5.24E-02
10.7	5.24E-02
10.8	5.24E-02
10.9	5.18E-02
11	5.06E-02
11.1	5.00E-02
11.2	4.95E-02
11.3	4.89E-02
11.4	4.77E-02
11.5	4.65E-02
11.6	4.59E-02
11.7	4.53E-02
11.8	4.47E-02
11.9	4.35E-02
12	4.35E-02
12.1	4.23E-02
12.2	4.17E-02
12.3	4.05E-02
12.4	3.99E-02
12.5	3.87E-02
12.6	3.75E-02
12.7	3.57E-02
12.8	3.51E-02
12.9	3.39E-02
13	3.27E-02
13.1	3.15E-02
13.2	3.15E-02
13.3	3.03E-02
13.4	2.85E-02
13.5	2.78E-02
13.6	2.60E-02
13.7	2.54E-02
13.8	2.36E-02
13.9	2.17E-02
14	2.05E-02
14.1	1.93E-02
14.2	1.80E-02
14.3	1.62E-02
14.4	1.62E-02
14.5	1.56E-02
14.6	1.37E-02
14.7	1.31E-02
14.8	1.12E-02
14.9	1.06E-02
15	8.14E-03
15.1	6.26E-03
15.2	5.64E-03
15.3	4.39E-03
15.4	3.14E-03
15.5	3.14E-03
15.6	1.26E-03
15.7	6.28E-04
15.8	-1.26E-03
15.9	-1.89E-03
16	-3.78E-03
16.1	-4.41E-03
16.2	-6.94E-03
16.3	-8.84E-03
16.4	-9.47E-03
16.5	-1.14E-02
16.6	-1.20E-02
16.7	-1.20E-02
16.8	-1.39E-02
16.9	-1.46E-02
17	-1.65E-02
17.1	-1.71E-02
17.2	-1.90E-02
17.3	-1.97E-02
17.4	-2.22E-02
17.5	-2.42E-02
17.6	-2.48E-02
17.7	-2.68E-02
17.8	-2.74E-02
17.9	-2.74E-02
18	-2.93E-02
18.1	-3.00E-02
18.2	-3.19E-02
18.3	-3.32E-02
18.4	-3.45E-02
18.5	-3.52E-02
18.6	-3.78E-02
18.7	-3.97E-02
18.8	-4.04E-02
18.9	-4.17E-02
19	-4.17E-02
19.1	-4.23E-02
19.2	-4.36E-02
19.3	-4.49E-02
19.4	-4.56E-02
19.5	-4.69E-02
19.6	-4.82E-02
19.7	-5.02E-02
19.8	-5.09E-02
19.9	-5.15E-02
20	-5.22E-02
20.1	-5.35E-02
20.2	-5.35E-02
20.3	-5.35E-02
20.4	-5.48E-02
20.5	-5.55E-02
20.6	-5.61E-02
20.7	-5.68E-02
20.8	-5.81E-02
20.9	-5.88E-02
21	-5.94E-02
21.1	-6.01E-02
21.2	-6.08E-02
21.3	-6.08E-02
21.4	-6.08E-02
21.5	-6.14E-02
21.6	-6.21E-02
21.7	-6.27E-02
21.8	-6.34E-02
21.9	-6.34E-02
22	-6.34E-02
22.1	-6.34E-02
22.2	-6.41E-02
22.3	-6.41E-02
22.4	-6.41E-02
22.5	-6.47E-02
22.6	-6.47E-02
22.7	-6.47E-02
22.8	-6.47E-02
22.9	-6.54E-02
23	-6.54E-02
23.1	-6.54E-02
23.2	-6.54E-02
23.3	-6.54E-02
23.4	-6.54E-02
23.5	-6.54E-02
23.6	-6.54E-02
23.7	-6.54E-02
23.8	-6.54E-02
23.9	-6.54E-02
24	-6.54E-02
24.1	-6.54E-02
24.2	-6.54E-02
24.3	-6.47E-02
24.4	-6.47E-02
24.5	-6.41E-02
24.6	-6.41E-02
24.7	-6.41E-02
24.8	-6.34E-02
24.9	-6.34E-02
25	-6.34E-02
25.1	-6.34E-02
25.2	-6.27E-02
25.3	-6.27E-02
25.4	-6.21E-02
25.5	-6.21E-02
25.6	-6.14E-02
25.7	-6.14E-02
25.8	-6.08E-02
25.9	-6.01E-02
26	-5.94E-02
26.1	-5.94E-02
26.2	-5.88E-02
26.3	-5.88E-02
26.4	-5.81E-02
26.5	-5.74E-02
26.6	-5.68E-02
26.7	-5.61E-02
26.8	-5.48E-02
26.9	-5.41E-02
27	-5.35E-02
27.1	-5.28E-02
27.2	-5.28E-02
27.3	-5.15E-02
27.4	-5.09E-02
27.5	-5.02E-02
27.6	-4.89E-02
27.7	-4.82E-02
27.8	-4.76E-02
27.9	-4.56E-02
28	-4.43E-02
28.1	-4.30E-02
28.2	-4.23E-02
28.3	-4.10E-02
28.4	-4.10E-02
28.5	-4.04E-02
28.6	-3.91E-02
28.7	-3.84E-02
28.8	-3.71E-02
28.9	-3.58E-02
29	-3.45E-02
29.1	-3.19E-02
29.2	-3.06E-02
29.3	-2.93E-02
29.4	-2.80E-02
29.5	-2.68E-02
29.6	-2.68E-02
29.7	-2.55E-02
29.8	-2.42E-02
29.9	-2.29E-02
30	-2.16E-02
30.1	-2.03E-02
30.2	-1.90E-02
30.3	-1.65E-02
30.4	-1.52E-02
30.5	-1.39E-02
30.6	-1.27E-02
30.7	-1.27E-02
30.8	-1.14E-02
30.9	-1.01E-02
31	-8.84E-03
31.1	-7.57E-03
31.2	-6.31E-03
31.3	-5.04E-03
31.4	-2.52E-03
31.5	-1.26E-03
31.6	0.00E+00
31.7	1.26E-03
31.8	2.51E-03
31.9	2.51E-03
32	3.76E-03
32.1	5.01E-03
32.2	6.26E-03
32.3	7.51E-03
32.4	8.76E-03
32.5	1.00E-02
32.6	1.25E-02
32.7	1.37E-02
32.8	1.56E-02
32.9	1.62E-02
33	1.74E-02
33.1	1.74E-02
33.2	1.87E-02
33.3	2.05E-02
33.4	2.11E-02
33.5	2.23E-02
33.6	2.36E-02
33.7	2.48E-02
33.8	2.72E-02
33.9	2.85E-02
34	3.03E-02
34.1	3.09E-02
34.2	3.27E-02
34.3	3.27E-02
34.4	3.33E-02
34.5	3.45E-02
34.6	3.57E-02
34.7	3.69E-02
34.8	3.81E-02
34.9	3.87E-02
35	4.05E-02
35.1	4.17E-02
35.2	4.29E-02
35.3	4.41E-02
35.4	4.41E-02
35.5	4.47E-02
35.6	4.53E-02
35.7	4.65E-02
35.8	4.71E-02
35.9	4.77E-02
36	4.89E-02
36.1	5.00E-02
36.2	5.12E-02
36.3	5.18E-02
36.4	5.24E-02
36.5	5.30E-02
36.6	5.30E-02
36.7	5.36E-02
36.8	5.42E-02
36.9	5.42E-02
37	5.48E-02
37.1	5.53E-02
37.2	5.59E-02
37.3	5.65E-02
37.4	5.71E-02
37.5	5.77E-02
37.6	5.83E-02
37.7	5.83E-02
37.8	5.88E-02
37.9	5.88E-02
38	5.88E-02
38.1	5.88E-02
38.2	5.94E-02
38.3	5.94E-02
38.4	5.94E-02
38.5	6.00E-02
38.6	6.00E-02
38.7	6.00E-02
38.8	6.00E-02
38.9	6.00E-02
39	6.00E-02
39.1	6.00E-02
39.2	6.00E-02
39.3	6.00E-02
39.4	6.00E-02
39.5	6.00E-02
39.6	6.00E-02
39.7	6.00E-02
39.8	6.00E-02
39.9	5.94E-02
40	5.94E-02
40.1	5.94E-02
40.2	5.88E-02
40.3	5.88E-02
40.4	5.88E-02
40.5	5.88E-02
40.6	5.83E-02
40.7	5.83E-02
40.8	5.83E-02
40.9	5.77E-02
41	5.71E-02
41.1	5.71E-02
41.2	5.71E-02
41.3	5.65E-02
41.4	5.65E-02
41.5	5.65E-02
41.6	5.59E-02
41.7	5.48E-02
41.8	5.48E-02
41.9	5.42E-02
42	5.36E-02
42.1	5.36E-02
42.2	5.24E-02
42.3	5.18E-02
42.4	5.12E-02
42.5	5.00E-02
42.6	5.00E-02
42.7	4.95E-02
42.8	4.89E-02
42.9	4.83E-02
43	4.77E-02
43.1	4.71E-02
43.2	4.59E-02
43.3	4.47E-02
43.4	4.41E-02
43.5	4.29E-02
43.6	4.17E-02
43.7	4.05E-02
43.8	4.05E-02
43.9	3.99E-02
44	3.93E-02
44.1	3.81E-02
44.2	3.69E-02
44.3	3.57E-02
44.4	3.51E-02
44.5	3.27E-02
44.6	3.21E-02
44.7	3.03E-02
44.8	2.97E-02
44.9	2.97E-02
45	2.78E-02
45.1	2.72E-02
45.2	2.54E-02
45.3	2.48E-02
45.4	2.30E-02
45.5	2.23E-02
45.6	2.05E-02
45.7	1.80E-02
45.8	1.74E-02
45.9	1.56E-02
46	1.50E-02
46.1	1.50E-02
46.2	1.31E-02
46.3	1.25E-02
46.4	1.06E-02
46.5	1.00E-02
46.6	8.14E-03
46.7	7.51E-03
46.8	4.39E-03
46.9	3.14E-03
47	2.51E-03
47.1	6.28E-04
47.2	0.00E+00
47.3	0.00E+00
47.4	-1.89E-03
47.5	-3.15E-03
47.6	-4.41E-03
47.7	-5.67E-03
47.8	-6.94E-03
47.9	-8.21E-03
48	-1.07E-02
48.1	-1.20E-02
48.2	-1.33E-02
48.3	-1.46E-02
48.4	-1.58E-02
48.5	-1.58E-02
48.6	-1.71E-02
48.7	-1.84E-02
48.8	-1.97E-02
48.9	-2.10E-02
49	-2.22E-02
49.1	-2.35E-02
49.2	-2.48E-02
49.3	-2.61E-02
49.4	-2.87E-02
49.5	-3.00E-02
49.6	-3.13E-02
49.7	-3.26E-02
49.8	-3.26E-02
49.9	-3.39E-02
50	-3.52E-02
50.1	-3.65E-02
50.2	-3.78E-02
50.3	-3.91E-02
50.4	-4.04E-02
50.5	-4.23E-02
50.6	-4.30E-02
50.7	-4.43E-02
50.8	-4.56E-02
50.9	-4.63E-02
51	-4.63E-02
51.1	-4.76E-02
51.2	-4.82E-02
51.3	-4.95E-02
51.4	-5.09E-02
51.5	-5.09E-02
51.6	-5.22E-02
51.7	-5.35E-02
51.8	-5.41E-02
51.9	-5.55E-02
52	-5.61E-02
52.1	-5.61E-02
52.2	-5.68E-02
52.3	-5.74E-02
52.4	-5.81E-02
52.5	-5.88E-02
52.6	-5.88E-02
52.7	-5.94E-02
52.8	-6.01E-02
52.9	-6.14E-02
53	-6.14E-02
53.1	-6.21E-02
53.2	-6.27E-02
53.3	-6.27E-02
53.4	-6.34E-02
53.5	-6.34E-02
53.6	-6.34E-02
53.7	-6.41E-02
53.8	-6.41E-02
53.9	-6.41E-02
54	-6.47E-02
54.1	-6.47E-02
54.2	-6.54E-02
54.3	-6.54E-02
54.4	-6.54E-02
54.5	-6.54E-02
54.6	-6.54E-02
54.7	-6.54E-02
54.8	-6.54E-02
54.9	-6.54E-02
55	-6.54E-02
55.1	-6.54E-02
55.2	-6.54E-02
55.3	-6.54E-02
55.4	-6.54E-02
55.5	-6.54E-02
55.6	-6.54E-02
55.7	-6.54E-02
55.8	-6.47E-02
55.9	-6.47E-02
56	-6.41E-02
56.1	-6.41E-02
56.2	-6.41E-02
56.3	-6.41E-02
56.4	-6.34E-02
56.5	-6.27E-02
56.6	-6.27E-02
56.7	-6.27E-02
56.8	-6.27E-02
56.9	-6.27E-02
57	-6.21E-02
57.1	-6.14E-02
57.2	-6.14E-02
57.3	-6.08E-02
57.4	-6.01E-02
57.5	-5.94E-02
57.6	-5.88E-02
57.7	-5.81E-02
57.8	-5.74E-02
57.9	-5.68E-02
58	-5.68E-02
58.1	-5.61E-02
58.2	-5.55E-02
58.3	-5.48E-02
58.4	-5.41E-02
58.5	-5.35E-02
58.6	-5.28E-02
58.7	-5.09E-02
58.8	-5.02E-02
58.9	-4.89E-02
59	-4.89E-02
59.1	-4.82E-02
59.2	-4.82E-02
59.3	-4.69E-02
59.4	-4.56E-02
59.5	-4.49E-02
59.6	-4.36E-02
59.7	-4.23E-02
59.8	-4.17E-02
59.9	-3.97E-02
60	-3.84E-02
60.1	-3.78E-02
60.2	-3.58E-02
60.3	-3.58E-02
60.4	-3.52E-02
60.5	-3.32E-02
60.6	-3.26E-02
60.7	-3.06E-02
60.8	-3.00E-02
60.9	-2.80E-02
61	-2.68E-02
61.1	-2.42E-02
61.2	-2.29E-02
61.3	-2.22E-02
61.4	-2.03E-02
61.5	-2.03E-02
61.6	-1.97E-02
61.7	-1.78E-02
61.8	-1.71E-02
61.9	-1.52E-02
62	-1.39E-02
62.1	-1.27E-02
62.2	-1.14E-02
62.3	-9.47E-03
62.4	-7.57E-03
62.5	-6.94E-03
62.6	-5.04E-03
62.7	-5.04E-03
62.8	-4.41E-03
62.9	-2.52E-03
63	-1.26E-03
63.1	0.00E+00
63.2	1.26E-03
63.3	2.51E-03
63.4	5.01E-03
63.5	6.26E-03
63.6	7.51E-03
63.7	8.14E-03
63.8	8.14E-03
63.9	1.00E-02
64	1.06E-02
64.1	1.25E-02
64.2	1.31E-02
64.3	1.50E-02
64.4	1.62E-02
64.5	1.74E-02
64.6	1.99E-02
64.7	2.11E-02
64.8	2.23E-02
64.9	2.36E-02
65	2.36E-02
65.1	2.48E-02
65.2	2.60E-02
65.3	2.72E-02
65.4	2.85E-02
65.5	2.97E-02
65.6	3.09E-02
65.7	3.33E-02
65.8	3.45E-02
65.9	3.57E-02
66	3.69E-02
66.1	3.75E-02
66.2	3.75E-02
66.3	3.87E-02
66.4	3.99E-02
66.5	4.05E-02
66.6	4.17E-02
66.7	4.23E-02
66.8	4.35E-02
66.9	4.53E-02
67	4.65E-02
67.1	4.71E-02
67.2	4.77E-02
67.3	4.77E-02
67.4	4.83E-02
67.5	4.95E-02
67.6	5.00E-02
67.7	5.06E-02
67.8	5.12E-02
67.9	5.18E-02
68	5.24E-02
68.1	5.42E-02
68.2	5.42E-02
68.3	5.48E-02
68.4	5.48E-02
68.5	5.48E-02
68.6	5.59E-02
68.7	5.59E-02
68.8	5.65E-02
68.9	5.71E-02
69	5.71E-02
69.1	5.83E-02
69.2	5.83E-02
69.3	5.88E-02
69.4	5.88E-02
69.5	5.88E-02
69.6	5.94E-02
69.7	5.94E-02
69.8	5.94E-02
69.9	5.94E-02
70	6.00E-02
70.1	6.00E-02
70.2	6.00E-02
70.3	6.00E-02
70.4	6.00E-02
70.5	6.00E-02
70.6	6.00E-02
70.7	6.00E-02
70.8	6.00E-02
70.9	6.00E-02
71	6.00E-02
71.1	6.00E-02
71.2	6.00E-02
71.3	6.00E-02
71.4	5.94E-02
71.5	5.94E-02
71.6	5.88E-02
71.7	5.88E-02
71.8	5.88E-02
71.9	5.83E-02
72	5.83E-02
72.1	5.83E-02
72.2	5.83E-02
72.3	5.77E-02
72.4	5.77E-02
72.5	5.71E-02
72.6	5.71E-02
72.7	5.71E-02
72.8	5.65E-02
72.9	5.65E-02
73	5.48E-02
73.1	5.48E-02
73.2	5.42E-02
73.3	5.36E-02
73.4	5.36E-02
73.5	5.36E-02
73.6	5.30E-02
73.7	5.24E-02
73.8	5.18E-02
73.9	5.12E-02
74	5.00E-02
74.1	4.89E-02
74.2	4.83E-02
74.3	4.77E-02
74.4	4.71E-02
74.5	4.71E-02
74.6	4.59E-02
74.7	4.53E-02
74.8	4.47E-02
74.9	4.41E-02
75	4.29E-02
75.1	4.23E-02
75.2	4.11E-02
75.3	3.93E-02
75.4	3.81E-02
75.5	3.69E-02
75.6	3.63E-02
75.7	3.63E-02
75.8	3.51E-02
75.9	3.45E-02
76	3.33E-02
76.1	3.21E-02
76.2	3.03E-02
76.3	2.97E-02
76.4	2.85E-02
76.5	2.54E-02
76.6	2.48E-02
76.7	2.30E-02
76.8	2.23E-02
76.9	2.23E-02
77	2.05E-02
77.1	1.99E-02
77.2	1.87E-02
77.3	1.74E-02
77.4	1.56E-02
77.5	1.50E-02
77.6	1.31E-02
77.7	1.06E-02
77.8	1.00E-02
77.9	8.14E-03
78	8.14E-03
78.1	7.51E-03
78.2	5.64E-03
78.3	5.01E-03
78.4	3.14E-03
78.5	2.51E-03
78.6	6.28E-04
78.7	0.00E+00
78.8	-2.52E-03
78.9	-4.41E-03
79	-5.04E-03
79.1	-6.94E-03
79.2	-6.94E-03
79.3	-7.57E-03
79.4	-9.47E-03
79.5	-1.01E-02
79.6	-1.20E-02
79.7	-1.27E-02
79.8	-1.46E-02
79.9	-1.52E-02
80	-1.78E-02
80.1	-1.97E-02
80.2	-2.10E-02
80.3	-2.22E-02
80.4	-2.22E-02
80.5	-2.35E-02
80.6	-2.48E-02
80.7	-2.61E-02
80.8	-2.74E-02
80.9	-2.80E-02
81	-3.00E-02
81.1	-3.06E-02
81.2	-3.39E-02
81.3	-3.52E-02
81.4	-3.65E-02
81.5	-3.65E-02
81.6	-3.78E-02
81.7	-3.91E-02
81.8	-4.04E-02
81.9	-4.10E-02
82	-4.23E-02
82.1	-4.30E-02
82.2	-4.43E-02
82.3	-4.63E-02
82.4	-4.76E-02
82.5	-4.82E-02
82.6	-4.89E-02
82.7	-4.89E-02
82.8	-5.02E-02
82.9	-5.09E-02
83	-5.15E-02
83.1	-5.22E-02
83.2	-5.35E-02
83.3	-5.41E-02
83.4	-5.48E-02
83.5	-5.61E-02
83.6	-5.68E-02
83.7	-5.81E-02
83.8	-5.88E-02
83.9	-5.88E-02
84	-5.88E-02
84.1	-5.94E-02
84.2	-6.01E-02
84.3	-6.08E-02
84.4	-6.14E-02
84.5	-6.14E-02
84.6	-6.21E-02
84.7	-6.34E-02
84.8	-6.34E-02
84.9	-6.34E-02
85	-6.34E-02
85.1	-6.41E-02
85.2	-6.41E-02
85.3	-6.41E-02
85.4	-6.47E-02
85.5	-6.47E-02
85.6	-6.47E-02
85.7	-6.54E-02
85.8	-6.54E-02
85.9	-6.54E-02
86	-6.54E-02
86.1	-6.54E-02
86.2	-6.54E-02
86.3	-6.54E-02
86.4	-6.54E-02
86.5	-6.54E-02
86.6	-6.54E-02
86.7	-6.54E-02
86.8	-6.54E-02
86.9	-6.54E-02
87	-6.47E-02
87.1	-6.47E-02
87.2	-6.47E-02
87.3	-6.41E-02
87.4	-6.41E-02
87.5	-6.41E-02
87.6	-6.41E-02
87.7	-6.34E-02
87.8	-6.34E-02
87.9	-6.34E-02
88	-6.27E-02
88.1	-6.27E-02
88.2	-6.21E-02
88.3	-6.21E-02
88.4	-6.14E-02
88.5	-6.08E-02
88.6	-6.08E-02
88.7	-6.08E-02
88.8	-6.01E-02
88.9	-5.94E-02
89	-5.88E-02
89.1	-5.81E-02
89.2	-5.81E-02
89.3	-5.74E-02
89.4	-5.61E-02
89.5	-5.55E-02
89.6	-5.41E-02
89.7	-5.41E-02
89.8	-5.35E-02
89.9	-5.28E-02
90	-5.22E-02
90.1	-5.15E-02
90.2	-5.09E-02
90.3	-5.02E-02
90.4	-4.89E-02
90.5	-4.76E-02
90.6	-4.63E-02
90.7	-4.56E-02
90.8	-4.43E-02
90.9	-4.43E-02
91	-4.30E-02
91.1	-4.23E-02
91.2	-4.10E-02
91.3	-3.97E-02
91.4	-3.91E-02
91.5	-3.78E-02
91.6	-3.71E-02
91.7	-3.45E-02
91.8	-3.26E-02
91.9	-3.19E-02
92	-3.00E-02
92.1	-3.00E-02
92.2	-2.93E-02
92.3	-2.74E-02
92.4	-2.68E-02
92.5	-2.48E-02
92.6	-2.42E-02
92.7	-2.22E-02
92.8	-2.16E-02
92.9	-1.90E-02
93	-1.71E-02
93.1	-1.65E-02
93.2	-1.65E-02
93.3	-1.46E-02
93.4	-1.39E-02
93.5	-1.20E-02
93.6	-1.14E-02
93.7	-9.47E-03
93.8	-8.84E-03
93.9	-6.94E-03
94	-6.31E-03
94.1	-3.78E-03
94.2	-1.89E-03
94.3	-1.26E-03
94.4	-1.26E-03
94.5	6.28E-04
94.6	1.26E-03
94.7	3.14E-03
94.8	3.76E-03
94.9	5.64E-03
95	6.26E-03
95.1	8.14E-03
95.2	1.06E-02
95.3	1.12E-02
95.4	1.31E-02
95.5	1.37E-02
95.6	1.37E-02
95.7	1.56E-02
95.8	1.62E-02
95.9	1.80E-02
96	1.93E-02
96.1	2.05E-02
96.2	2.17E-02
96.3	2.30E-02
96.4	2.48E-02
96.5	2.60E-02
96.6	2.72E-02
96.7	2.72E-02
96.8	2.85E-02
96.9	2.97E-02
97	3.09E-02
97.1	3.21E-02
97.2	3.33E-02
97.3	3.45E-02
97.4	3.57E-02
97.5	3.69E-02
97.6	3.87E-02
97.7	3.99E-02
97.8	4.05E-02
97.9	4.05E-02
98	4.17E-02
98.1	4.23E-02
98.2	4.35E-02
98.3	4.47E-02
98.4	4.53E-02
98.5	4.65E-02
98.6	4.71E-02
98.7	4.83E-02
98.8	4.83E-02
98.9	5.00E-02
99	5.06E-02
99.1	5.12E-02
99.2	5.18E-02
99.3	5.18E-02
99.4	5.24E-02
99.5	5.36E-02
99.6	5.42E-02
99.7	5.42E-02
99.8	5.48E-02
99.9	5.53E-02
100	5.59E-02
100.1	5.65E-02
100.2	5.71E-02
100.3	5.77E-02
100.4	5.77E-02
100.5	5.83E-02
100.6	5.83E-02
100.7	5.83E-02
100.8	5.88E-02
100.9	5.88E-02
101	5.88E-02
101.1	5.94E-02
101.2	5.94E-02
101.3	6.00E-02
101.4	6.00E-02
101.5	6.00E-02
101.6	6.00E-02
101.7	6.00E-02
101.8	6.00E-02
101.9	6.00E-02
102	6.00E-02
102.1	6.00E-02
102.2	6.00E-02
102.3	6.00E-02
102.4	6.00E-02
102.5	6.00E-02
102.6	6.00E-02
102.7	6.00E-02
102.8	6.00E-02
102.9	5.94E-02
103	5.94E-02
103.1	5.94E-02
103.2	5.88E-02
103.3	5.88E-02
103.4	5.88E-02
103.5	5.83E-02
103.6	5.83E-02
103.7	5.77E-02
103.8	5.77E-02
103.9	5.71E-02
104	5.71E-02
104.1	5.71E-02
104.2	5.65E-02
104.3	5.59E-02
104.4	5.59E-02
104.5	5.48E-02
104.6	5.48E-02
104.7	5.42E-02
104.8	5.36E-02
104.9	5.24E-02
105	5.24E-02
105.1	5.18E-02
105.2	5.12E-02
105.3	5.12E-02
105.4	5.06E-02
105.5	4.95E-02
105.6	4.89E-02
105.7	4.83E-02
105.8	4.77E-02
105.9	4.71E-02
106	4.65E-02
106.1	4.47E-02
106.2	4.47E-02
106.3	4.29E-02
106.4	4.23E-02
106.5	4.11E-02
106.6	4.11E-02
106.7	3.99E-02
106.8	3.93E-02
106.9	3.81E-02
107	3.75E-02
107.1	3.63E-02
107.2	3.51E-02
107.3	3.45E-02
107.4	3.33E-02
107.5	3.09E-02
107.6	2.97E-02
107.7	2.85E-02
107.8	2.85E-02
107.9	2.72E-02
108	2.54E-02
108.1	2.48E-02
108.2	2.36E-02
108.3	2.23E-02
108.4	2.11E-02
108.5	1.99E-02
108.6	1.74E-02
108.7	1.62E-02
108.8	1.50E-02
108.9	1.50E-02
109	1.31E-02
109.1	1.25E-02
109.2	1.06E-02
109.3	1.00E-02
109.4	8.14E-03
109.5	7.51E-03
109.6	5.64E-03
109.7	5.01E-03
109.8	2.51E-03
109.9	6.28E-04
110	6.28E-04
110.1	6.28E-04
110.2	-1.26E-03
110.3	-1.89E-03
110.4	-3.78E-03
110.5	-4.41E-03
110.6	-6.31E-03
110.7	-6.94E-03
110.8	-8.84E-03
110.9	-9.47E-03
111	-1.20E-02
111.1	-1.39E-02
111.2	-1.46E-02
111.3	-1.46E-02
111.4	-1.65E-02
111.5	-1.71E-02
111.6	-1.90E-02
111.7	-1.97E-02
111.8	-2.16E-02
111.9	-2.29E-02
112	-2.42E-02
112.1	-2.68E-02
112.2	-2.80E-02
112.3	-2.93E-02
112.4	-3.06E-02
112.5	-3.06E-02
112.6	-3.19E-02
112.7	-3.32E-02
112.8	-3.45E-02
112.9	-3.58E-02
113	-3.71E-02
113.1	-3.84E-02
113.2	-3.97E-02
113.3	-4.17E-02
113.4	-4.30E-02
113.5	-4.36E-02
113.6	-4.36E-02
113.7	-4.49E-02
113.8	-4.56E-02
113.9	-4.69E-02
114	-4.82E-02
114.1	-4.89E-02
114.2	-5.02E-02
114.3	-5.09E-02
114.4	-5.15E-02
114.5	-5.35E-02
114.6	-5.41E-02
114.7	-5.48E-02
114.8	-5.48E-02
114.9	-5.55E-02
115	-5.61E-02
115.1	-5.74E-02
115.2	-5.81E-02
115.3	-5.81E-02
115.4	-5.88E-02
115.5	-5.94E-02
115.6	-5.94E-02
115.7	-6.08E-02
115.8	-6.14E-02
115.9	-6.21E-02
116	-6.21E-02
116.1	-6.21E-02
116.2	-6.34E-02
116.3	-6.34E-02
116.4	-6.34E-02
116.5	-6.41E-02
116.6	-6.41E-02
116.7	-6.41E-02
116.8	-6.47E-02
116.9	-6.47E-02
117	-6.54E-02
117.1	-6.54E-02
117.2	-6.54E-02
117.3	-6.54E-02
117.4	-6.54E-02
117.5	-6.54E-02
117.6	-6.54E-02
117.7	-6.54E-02
117.8	-6.54E-02
117.9	-6.54E-02
118	-6.54E-02
118.1	-6.54E-02
118.2	-6.54E-02
118.3	-6.54E-02
118.4	-6.54E-02
118.5	-6.47E-02
118.6	-6.47E-02
118.7	-6.47E-02
118.8	-6.41E-02
118.9	-6.41E-02
119	-6.41E-02
119.1	-6.34E-02
119.2	-6.34E-02
119.3	-6.27E-02
119.4	-6.21E-02
119.5	-6.21E-02
119.6	-6.21E-02
119.7	-6.14E-02
119.8	-6.08E-02
119.9	-6.08E-02
120	-6.01E-02
120.1	-5.94E-02
120.2	-5.88E-02
120.3	-5.81E-02
120.4	-5.74E-02
120.5	-5.68E-02
120.6	-5.68E-02
120.7	-5.68E-02
120.8	-5.68E-02
120.9	-5.61E-02
121	-5.55E-02
121.1	-5.41E-02
121.2	-5.35E-02
121.3	-5.28E-02
121.4	-5.22E-02
121.5	-5.09E-02
121.6	-4.95E-02
121.7	-4.89E-02
121.8	-4.89E-02
121.9	-4.82E-02
122	-4.76E-02
122.1	-4.56E-02
122.2	-4.49E-02
122.3	-4.36E-02
122.4	-4.30E-02
122.5	-4.23E-02
122.6	-4.04E-02
122.7	-3.97E-02
122.8	-3.84E-02
122.9	-3.65E-02
123	-3.52E-02
123.1	-3.52E-02
123.2	-3.39E-02
123.3	-3.26E-02
123.4	-3.13E-02
123.5	-3.00E-02
123.6	-2.87E-02
123.7	-2.74E-02
123.8	-2.61E-02
123.9	-2.48E-02
124	-2.29E-02
124.1	-2.16E-02
124.2	-2.03E-02
124.3	-2.03E-02
124.4	-1.90E-02
124.5	-1.78E-02
124.6	-1.65E-02
124.7	-1.52E-02
124.8	-1.39E-02
124.9	-1.27E-02
125	-1.14E-02
125.1	-1.01E-02
125.2	-7.57E-03
125.3	-6.31E-03
125.4	-5.04E-03
125.5	-5.04E-03
125.6	-3.78E-03
125.7	-2.52E-03
125.8	-1.26E-03
125.9	0.00E+00
126	1.26E-03
126.1	2.51E-03
126.2	3.76E-03
126.3	5.01E-03
126.4	7.51E-03
126.5	8.76E-03
126.6	1.00E-02
126.7	1.00E-02
126.8	1.12E-02
126.9	1.25E-02
127	1.37E-02
127.1	1.50E-02
127.2	1.62E-02
127.3	1.74E-02
127.4	1.87E-02
127.5	2.11E-02
127.6	2.23E-02
127.7	2.36E-02
127.8	2.36E-02
127.9	2.48E-02
128	2.60E-02
128.1	2.72E-02
128.2	2.85E-02
128.3	3.03E-02
128.4	3.09E-02
128.5	3.21E-02
128.6	3.33E-02
128.7	3.57E-02
128.8	3.69E-02
128.9	3.81E-02
129	3.81E-02
129.1	3.93E-02
129.2	3.99E-02
129.3	4.05E-02
129.4	4.17E-02
129.5	4.29E-02
129.6	4.41E-02
129.7	4.47E-02
129.8	4.53E-02
129.9	4.71E-02
130	4.77E-02
130.1	4.89E-02
130.2	4.89E-02
130.3	4.95E-02
130.4	5.00E-02
130.5	5.12E-02
130.6	5.18E-02
130.7	5.24E-02
130.8	5.30E-02
130.9	5.36E-02
131	5.42E-02
131.1	5.48E-02
131.2	5.59E-02
131.3	5.59E-02
131.4	5.59E-02
131.5	5.65E-02
131.6	5.71E-02
131.7	5.71E-02
131.8	5.83E-02
131.9	5.83E-02
132	5.83E-02
132.1	5.83E-02
132.2	5.88E-02
132.3	5.88E-02
132.4	5.88E-02
132.5	5.88E-02
132.6	5.94E-02
132.7	5.94E-02
132.8	5.94E-02
132.9	6.00E-02
133	6.00E-02
133.1	6.00E-02
133.2	6.00E-02
133.3	6.00E-02
133.4	6.00E-02
133.5	6.00E-02
133.6	6.00E-02
133.7	6.00E-02
133.8	6.00E-02
133.9	6.00E-02
134	6.00E-02
134.1	6.00E-02
134.2	6.00E-02
134.3	6.00E-02
134.4	5.94E-02
134.5	5.94E-02
134.6	5.88E-02
134.7	5.88E-02
134.8	5.88E-02
134.9	5.88E-02
135	5.83E-02
135.1	5.83E-02
135.2	5.77E-02
135.3	5.77E-02
135.4	5.77E-02
135.5	5.71E-02
135.6	5.71E-02
135.7	5.59E-02
135.8	5.59E-02
135.9	5.48E-02
136	5.48E-02
136.1	5.48E-02
136.2	5.42E-02
136.3	5.36E-02
136.4	5.36E-02
136.5	5.24E-02
136.6	5.24E-02
136.7	5.18E-02
136.8	5.12E-02
136.9	4.95E-02
137	4.95E-02
137.1	4.83E-02
137.2	4.83E-02
137.3	4.77E-02
137.4	4.71E-02
137.5	4.65E-02
137.6	4.53E-02
137.7	4.47E-02
137.8	4.41E-02
137.9	4.29E-02
138	4.23E-02
138.1	4.05E-02
138.2	3.99E-02
138.3	3.99E-02
138.4	3.87E-02
138.5	3.75E-02
138.6	3.69E-02
138.7	3.57E-02
138.8	3.51E-02
138.9	3.39E-02
139	3.27E-02
139.1	3.15E-02
139.2	3.03E-02
139.3	2.78E-02
139.4	2.60E-02
139.5	2.60E-02
139.6	2.54E-02
139.7	2.42E-02
139.8	2.30E-02
139.9	2.17E-02
140	2.05E-02
140.1	1.93E-02
140.2	1.80E-02
140.3	1.62E-02
140.4	1.37E-02
140.5	1.31E-02
140.6	1.12E-02
140.7	1.12E-02
140.8	1.06E-02
140.9	8.76E-03
141	8.14E-03
141.1	6.26E-03
141.2	5.64E-03
141.3	3.76E-03
141.4	3.14E-03
141.5	1.26E-03
141.6	-1.26E-03
141.7	-1.89E-03
141.8	-3.78E-03
141.9	-3.78E-03
142	-4.41E-03
142.1	-6.31E-03
142.2	-6.94E-03
142.3	-8.84E-03
142.4	-9.47E-03
142.5	-1.14E-02
142.6	-1.20E-02
142.7	-1.39E-02
142.8	-1.65E-02
142.9	-1.71E-02
143	-1.71E-02
143.1	-1.90E-02
143.2	-2.03E-02
143.3	-2.16E-02
143.4	-2.22E-02
143.5	-2.42E-02
143.6	-2.48E-02
143.7	-2.68E-02
143.8	-2.74E-02
143.9	-3.00E-02
144	-3.19E-02
144.1	-3.32E-02
144.2	-3.32E-02
144.3	-3.45E-02
144.4	-3.58E-02
144.5	-3.71E-02
144.6	-3.84E-02
144.7	-3.97E-02
144.8	-4.04E-02
144.9	-4.17E-02
145	-4.30E-02
145.1	-4.49E-02
145.2	-4.56E-02
145.3	-4.69E-02
145.4	-4.69E-02
145.5	-4.82E-02
145.6	-4.89E-02
145.7	-5.02E-02
145.8	-5.09E-02
145.9	-5.15E-02
146	-5.28E-02
146.1	-5.35E-02
146.2	-5.41E-02
146.3	-5.55E-02
146.4	-5.61E-02
146.5	-5.61E-02
146.6	-5.68E-02
146.7	-5.81E-02
146.8	-5.88E-02
146.9	-5.88E-02
147	-5.94E-02
147.1	-6.01E-02
147.2	-6.08E-02
147.3	-6.14E-02
147.4	-6.14E-02
147.5	-6.27E-02
147.6	-6.34E-02
147.7	-6.34E-02
147.8	-6.34E-02
147.9	-6.41E-02
148	-6.41E-02
148.1	-6.41E-02
148.2	-6.47E-02
148.3	-6.47E-02
148.4	-6.47E-02
148.5	-6.54E-02
148.6	-6.54E-02
148.7	-6.54E-02
148.8	-6.54E-02
148.9	-6.54E-02
149	-6.54E-02
149.1	-6.54E-02
149.2	-6.54E-02
149.3	-6.54E-02
149.4	-6.54E-02
149.5	-6.54E-02
149.6	-6.54E-02
149.7	-6.54E-02
149.8	-6.54E-02
149.9	-6.47E-02
150	-6.47E-02
150.1	-6.47E-02
150.2	-6.41E-02
150.3	-6.41E-02
150.4	-6.41E-02
150.5	-6.41E-02
150.6	-6.34E-02
150.7	-6.34E-02
150.8	-6.27E-02
150.9	-6.27E-02
151	-6.14E-02
151.1	-6.14E-02
151.2	-6.14E-02
151.3	-6.08E-02
151.4	-6.01E-02
151.5	-5.94E-02
151.6	-5.88E-02
151.7	-5.88E-02
151.8	-5.81E-02
151.9	-5.81E-02
152	-5.74E-02
152.1	-5.68E-02
152.2	-5.61E-02
152.3	-5.55E-02
152.4	-5.55E-02
152.5	-5.41E-02
152.6	-5.35E-02
152.7	-5.28E-02
152.8	-5.15E-02
152.9	-5.09E-02
153	-5.02E-02
153.1	-4.95E-02
153.2	-4.89E-02
153.3	-4.69E-02
153.4	-4.56E-02
153.5	-4.49E-02
153.6	-4.49E-02
153.7	-4.36E-02
153.8	-4.23E-02
153.9	-4.17E-02
154	-4.04E-02
154.1	-3.97E-02
154.2	-3.84E-02
154.3	-3.78E-02
154.4	-3.58E-02
154.5	-3.52E-02
154.6	-3.26E-02
154.7	-3.06E-02
154.8	-3.06E-02
154.9	-3.00E-02
155	-2.80E-02
155.1	-2.74E-02
155.2	-2.55E-02
155.3	-2.48E-02
155.4	-2.29E-02
155.5	-2.22E-02
155.6	-2.03E-02
155.7	-1.97E-02
155.8	-1.71E-02
155.9	-1.52E-02
156	-1.52E-02
156.1	-1.46E-02
156.2	-1.27E-02
156.3	-1.20E-02
156.4	-1.01E-02
156.5	-9.47E-03
156.6	-7.57E-03
156.7	-6.94E-03
156.8	-5.04E-03
156.9	-2.52E-03
157	-1.89E-03
157.1	-1.89E-03
157.2	0.00E+00
157.3	6.28E-04
157.4	2.51E-03
157.5	3.14E-03
157.6	5.01E-03
157.7	5.64E-03
157.8	7.51E-03
157.9	8.14E-03
158	1.00E-02
158.1	1.25E-02
158.2	1.31E-02
158.3	1.31E-02
158.4	1.50E-02
158.5	1.62E-02
158.6	1.74E-02
158.7	1.87E-02
158.8	1.99E-02
158.9	2.11E-02
159	2.23E-02
159.1	2.36E-02
159.2	2.48E-02
159.3	2.72E-02
159.4	2.85E-02
159.5	2.85E-02
159.6	2.97E-02
159.7	3.09E-02
159.8	3.21E-02
159.9	3.33E-02
160	3.45E-02
160.1	3.57E-02
160.2	3.69E-02
160.3	3.75E-02
160.4	3.99E-02
160.5	4.05E-02
160.6	4.05E-02
160.7	4.17E-02
160.8	4.23E-02
160.9	4.35E-02
161	4.47E-02
161.1	4.53E-02
161.2	4.65E-02
161.3	4.71E-02
161.4	4.77E-02
161.5	4.89E-02
161.6	5.00E-02
161.7	5.06E-02
161.8	5.06E-02
161.9	5.18E-02
162	5.18E-02
162.1	5.30E-02
162.2	5.36E-02
162.3	5.42E-02
162.4	5.42E-02
162.5	5.48E-02
162.6	5.53E-02
162.7	5.59E-02
162.8	5.65E-02
162.9	5.71E-02
163	5.71E-02
163.1	5.77E-02
163.2	5.83E-02
163.3	5.83E-02
163.4	5.83E-02
163.5	5.88E-02
163.6	5.88E-02
163.7	5.88E-02
163.8	5.94E-02
163.9	5.94E-02
164	6.00E-02
164.1	6.00E-02
164.2	6.00E-02
164.3	6.00E-02
164.4	6.00E-02
164.5	6.00E-02
164.6	6.00E-02
164.7	6.00E-02
164.8	6.00E-02
164.9	6.00E-02
165	6.00E-02
165.1	6.00E-02
165.2	6.00E-02
165.3	6.00E-02
165.4	6.00E-02
165.5	6.00E-02
165.6	5.94E-02
165.7	5.94E-02
165.8	5.94E-02
165.9	5.88E-02
166	5.88E-02
166.1	5.88E-02
166.2	5.83E-02
166.3	5.83E-02
166.4	5.77E-02
166.5	5.77E-02
166.6	5.71E-02
166.7	5.71E-02
166.8	5.65E-02
166.9	5.65E-02
167	5.59E-02
167.1	5.53E-02
167.2	5.48E-02
167.3	5.42E-02
167.4	5.42E-02
167.5	5.30E-02
167.6	5.24E-02
167.7	5.24E-02
167.8	5.24E-02
167.9	5.24E-02
168	5.18E-02
168.1	5.12E-02
168.2	5.06E-02
168.3	5.00E-02
168.4	4.95E-02
168.5	4.83E-02
168.6	4.71E-02
168.7	4.65E-02
168.8	4.65E-02
168.9	4.53E-02
169	4.53E-02
169.1	4.41E-02
169.2	4.29E-02
169.3	4.23E-02
169.4	4.11E-02
169.5	4.05E-02
169.6	3.93E-02
169.7	3.81E-02
169.8	3.63E-02
169.9	3.57E-02
170	3.57E-02
170.1	3.45E-02
170.2	3.33E-02
170.3	3.21E-02
170.4	3.09E-02
170.5	2.97E-02
170.6	2.85E-02
170.7	2.72E-02
170.8	2.60E-02
170.9	2.48E-02
171	2.23E-02
171.1	2.11E-02
171.2	2.11E-02
171.3	1.99E-02
171.4	1.87E-02
171.5	1.74E-02
171.6	1.62E-02
171.7	1.50E-02
171.8	1.37E-02
171.9	1.25E-02
172	1.12E-02
172.1	1.00E-02
172.2	7.51E-03
172.3	7.51E-03
172.4	6.26E-03
172.5	5.01E-03
172.6	3.76E-03
172.7	2.51E-03
172.8	1.26E-03
172.9	0.00E+00
173	-1.26E-03
173.1	-2.52E-03
173.2	-3.78E-03
173.3	-6.31E-03
173.4	-7.57E-03
173.5	-7.57E-03
173.6	-8.84E-03
173.7	-1.01E-02
173.8	-1.14E-02
173.9	-1.27E-02
174	-1.39E-02
174.1	-1.52E-02
174.2	-1.65E-02
174.3	-1.78E-02
174.4	-1.97E-02
174.5	-2.16E-02
174.6	-2.29E-02
174.7	-2.29E-02
174.8	-2.42E-02
174.9	-2.55E-02
175	-2.68E-02
175.1	-2.80E-02
175.2	-2.93E-02
175.3	-3.06E-02
175.4	-3.26E-02
175.5	-3.32E-02
175.6	-3.52E-02
175.7	-3.78E-02
175.8	-3.84E-02
175.9	-3.84E-02
176	-3.97E-02
176.1	-4.10E-02
176.2	-4.23E-02
176.3	-4.30E-02
176.4	-4.43E-02
176.5	-4.49E-02
176.6	-4.63E-02
176.7	-4.76E-02
176.8	-4.95E-02
176.9	-5.02E-02
177	-5.02E-02
177.1	-5.09E-02
177.2	-5.15E-02
177.3	-5.28E-02
177.4	-5.35E-02
177.5	-5.41E-02
177.6	-5.55E-02
177.7	-5.61E-02
177.8	-5.68E-02
177.9	-5.74E-02
178	-5.88E-02
178.1	-5.88E-02
178.2	-5.94E-02
178.3	-5.94E-02
178.4	-6.01E-02
178.5	-6.08E-02
178.6	-6.14E-02
178.7	-6.14E-02
178.8	-6.21E-02
178.9	-6.27E-02
179	-6.34E-02
179.1	-6.34E-02
179.2	-6.34E-02
179.3	-6.41E-02
179.4	-6.41E-02
179.5	-6.41E-02
179.6	-6.47E-02
179.7	-6.47E-02
179.8	-6.54E-02
179.9	-6.54E-02
180	-6.54E-02
180.1	-6.54E-02
180.2	-6.54E-02
180.3	-6.54E-02
180.4	-6.54E-02
180.5	-6.54E-02
180.6	-6.54E-02
180.7	-6.54E-02
180.8	-6.54E-02
180.9	-6.54E-02
181	-6.54E-02
181.1	-6.54E-02
181.2	-6.47E-02
181.3	-6.47E-02
181.4	-6.47E-02
181.5	-6.41E-02
181.6	-6.41E-02
181.7	-6.34E-02
181.8	-6.34E-02
181.9	-6.34E-02
182	-6.34E-02
182.1	-6.27E-02
182.2	-6.27E-02
182.3	-6.21E-02
182.4	-6.21E-02
182.5	-6.21E-02
182.6	-6.14E-02
182.7	-6.14E-02
182.8	-6.08E-02
182.9	-6.01E-02
183	-5.94E-02
183.1	-5.88E-02
183.2	-5.88E-02
183.3	-5.81E-02
183.4	-5.74E-02
183.5	-5.68E-02
183.6	-5.61E-02
183.7	-5.55E-02
183.8	-5.48E-02
183.9	-5.41E-02
184	-5.35E-02
184.1	-5.28E-02
184.2	-5.09E-02
184.3	-5.02E-02
184.4	-5.02E-02
184.5	-4.89E-02
184.6	-4.82E-02
184.7	-4.76E-02
184.8	-4.63E-02
184.9	-4.56E-02
185	-4.43E-02
185.1	-4.30E-02
185.2	-4.23E-02
185.3	-4.10E-02
185.4	-3.91E-02
185.5	-3.84E-02
185.6	-3.84E-02
185.7	-3.71E-02
185.8	-3.58E-02
185.9	-3.45E-02
186	-3.32E-02
186.1	-3.19E-02
186.2	-3.06E-02
186.3	-2.93E-02
186.4	-2.80E-02
186.5	-2.68E-02
186.6	-2.42E-02
186.7	-2.42E-02
186.8	-2.29E-02
186.9	-2.16E-02
187	-2.03E-02
187.1	-1.90E-02
187.2	-1.78E-02
187.3	-1.65E-02
187.4	-1.52E-02
187.5	-1.39E-02
187.6	-1.27E-02
187.7	-1.01E-02
187.8	-8.84E-03
187.9	-8.84E-03
188	-7.57E-03
188.1	-6.31E-03
188.2	-5.04E-03
188.3	-3.78E-03
188.4	-2.52E-03
188.5	-1.26E-03
188.6	0.00E+00
188.7	6.28E-04