0	0.00E+00
0.1	6.30E-04
0.2	3.14E-03
0.3	4.40E-03
0.4	5.65E-03
0.5	6.90E-03
0.6	8.15E-03
0.7	8.15E-03
0.8	9.40E-03
0.9	1.06E-02
1	1.19E-02
1.1	1.31E-02
1.2	1.44E-02
1.3	1.56E-02
1.4	1.81E-02
1.5	1.93E-02
1.6	2.06E-02
1.7	2.18E-02
1.8	2.30E-02
1.9	2.30E-02
2	2.42E-02
2.1	2.55E-02
2.2	2.67E-02
2.3	2.79E-02
2.4	2.91E-02
2.5	3.03E-02
2.6	3.28E-02
2.7	3.40E-02
2.8	3.52E-02
2.9	3.64E-02
3	3.76E-02
3.1	3.76E-02
3.2	3.88E-02
3.3	4.00E-02
3.4	4.12E-02
3.5	4.18E-02
3.6	4.36E-02
3.7	4.42E-02
3.8	4.66E-02
3.9	4.78E-02
4	4.90E-02
4.1	5.02E-02
4.2	5.02E-02
4.3	5.13E-02
4.4	5.31E-02
4.5	5.37E-02
4.6	5.55E-02
4.7	5.61E-02
4.8	5.78E-02
4.9	6.02E-02
5	6.07E-02
5.1	6.25E-02
5.2	6.25E-02
5.3	6.13E-02
5.4	6.13E-02
5.5	6.02E-02
5.6	5.84E-02
5.7	5.78E-02
5.8	5.61E-02
5.9	5.55E-02
6	5.37E-02
6.1	5.13E-02
6.2	5.07E-02
6.3	4.90E-02
6.4	4.84E-02
6.5	4.66E-02
6.6	4.66E-02
6.7	4.60E-02
6.8	4.42E-02
6.9	4.36E-02
7	4.18E-02
7.1	4.06E-02
7.2	3.94E-02
7.3	3.88E-02
7.4	3.64E-02
7.5	3.46E-02
7.6	3.40E-02
7.7	3.22E-02
7.8	3.16E-02
7.9	3.16E-02
8	2.97E-02
8.1	2.85E-02
8.2	2.73E-02
8.3	2.61E-02
8.4	2.48E-02
8.5	2.42E-02
8.6	2.12E-02
8.7	1.99E-02
8.8	1.87E-02
8.9	1.75E-02
9	1.62E-02
9.1	1.62E-02
9.2	1.50E-02
9.3	1.38E-02
9.4	1.25E-02
9.5	1.13E-02
9.6	1.00E-02
9.7	8.78E-03
9.8	6.28E-03
9.9	5.02E-03
10	3.77E-03
10.1	2.52E-03
10.2	2.52E-03
10.3	1.26E-03
10.4	0.00E+00
10.5	-1.26E-03
10.6	-2.52E-03
10.7	-3.79E-03
10.8	-5.05E-03
10.9	-6.32E-03
11	-7.59E-03
11.1	-1.01E-02
11.2	-1.14E-02
11.3	-1.14E-02
11.4	-1.27E-02
11.5	-1.40E-02
11.6	-1.52E-02
11.7	-1.65E-02
11.8	-1.78E-02
11.9	-1.91E-02
12	-2.04E-02
12.1	-2.16E-02
12.2	-2.42E-02
12.3	-2.55E-02
12.4	-2.68E-02
12.5	-2.81E-02
12.6	-2.81E-02
12.7	-2.94E-02
12.8	-3.07E-02
12.9	-3.20E-02
13	-3.33E-02
13.1	-3.46E-02
13.2	-3.72E-02
13.3	-3.85E-02
13.4	-3.98E-02
13.5	-4.11E-02
13.6	-4.11E-02
13.7	-4.24E-02
13.8	-4.37E-02
13.9	-4.50E-02
14	-4.63E-02
14.1	-4.77E-02
14.2	-5.03E-02
14.3	-5.16E-02
14.4	-5.29E-02
14.5	-5.42E-02
14.6	-5.56E-02
14.7	-5.56E-02
14.8	-5.69E-02
14.9	-5.82E-02
15	-5.95E-02
15.1	-6.09E-02
15.2	-6.22E-02
15.3	-6.35E-02
15.4	-6.22E-02
15.5	-6.15E-02
15.6	-5.95E-02
15.7	-5.89E-02
15.8	-5.89E-02
15.9	-5.69E-02
16	-5.62E-02
16.1	-5.42E-02
16.2	-5.36E-02
16.3	-5.16E-02
16.4	-5.09E-02
16.5	-4.90E-02
16.6	-4.63E-02
16.7	-4.57E-02
16.8	-4.37E-02
16.9	-4.24E-02
17	-4.24E-02
17.1	-4.11E-02
17.2	-3.98E-02
17.3	-3.91E-02
17.4	-3.78E-02
17.5	-3.65E-02
17.6	-3.52E-02
17.7	-3.26E-02
17.8	-3.13E-02
17.9	-3.00E-02
18	-2.87E-02
18.1	-2.74E-02
18.2	-2.74E-02
18.3	-2.62E-02
18.4	-2.49E-02
18.5	-2.36E-02
18.6	-2.23E-02
18.7	-2.10E-02
18.8	-1.97E-02
18.9	-1.72E-02
19	-1.59E-02
19.1	-1.46E-02
19.2	-1.33E-02
19.3	-1.33E-02
19.4	-1.20E-02
19.5	-1.08E-02
19.6	-9.49E-03
19.7	-8.22E-03
19.8	-6.95E-03
19.9	-5.68E-03
20	-4.42E-03
20.1	-3.15E-03
20.2	-6.30E-04
20.3	6.30E-04
20.4	1.89E-03
20.5	3.14E-03
20.6	4.40E-03
20.7	4.40E-03
20.8	5.65E-03
20.9	6.90E-03
21	8.15E-03
21.1	9.40E-03
21.2	1.06E-02
21.3	1.19E-02
21.4	1.44E-02
21.5	1.56E-02
21.6	1.69E-02
21.7	1.81E-02
21.8	1.93E-02
21.9	1.93E-02
22	2.06E-02
22.1	2.18E-02
22.2	2.30E-02
22.3	2.42E-02
22.4	2.55E-02
22.5	2.67E-02
22.6	2.91E-02
22.7	3.03E-02
22.8	3.16E-02
22.9	3.28E-02
23	3.28E-02
23.1	3.40E-02
23.2	3.52E-02
23.3	3.64E-02
23.4	3.76E-02
23.5	3.88E-02
23.6	4.00E-02
23.7	4.12E-02
23.8	4.36E-02
23.9	4.48E-02
24	4.60E-02
24.1	4.72E-02
24.2	4.72E-02
24.3	4.84E-02
24.4	4.96E-02
24.5	5.07E-02
24.6	5.19E-02
24.7	5.31E-02
24.8	5.43E-02
24.9	5.66E-02
25	5.78E-02
25.1	5.90E-02
25.2	6.02E-02
25.3	6.13E-02
25.4	6.13E-02
25.5	6.25E-02
25.6	6.13E-02
25.7	6.07E-02
25.8	5.90E-02
25.9	5.84E-02
26	5.66E-02
26.1	5.43E-02
26.2	5.37E-02
26.3	5.19E-02
26.4	5.13E-02
26.5	5.13E-02
26.6	4.96E-02
26.7	4.90E-02
26.8	4.72E-02
26.9	4.66E-02
27	4.48E-02
27.1	4.42E-02
27.2	4.24E-02
27.3	4.00E-02
27.4	3.94E-02
27.5	3.76E-02
27.6	3.70E-02
27.7	3.70E-02
27.8	3.52E-02
27.9	3.46E-02
28	3.28E-02
28.1	3.16E-02
28.2	3.03E-02
28.3	2.97E-02
28.4	2.79E-02
28.5	2.55E-02
28.6	2.42E-02
28.7	2.30E-02
28.8	2.18E-02
28.9	2.18E-02
29	2.06E-02
29.1	1.93E-02
29.2	1.81E-02
29.3	1.69E-02
29.4	1.56E-02
29.5	1.50E-02
29.6	1.19E-02
29.7	1.06E-02
29.8	9.40E-03
29.9	8.15E-03
30	8.15E-03
30.1	6.90E-03
30.2	5.65E-03
30.3	4.40E-03
30.4	3.14E-03
30.5	1.89E-03
30.6	6.30E-04
30.7	-6.30E-04
30.8	-3.15E-03
30.9	-4.42E-03
31	-5.68E-03
31.1	-6.32E-03
31.2	-6.32E-03
31.3	-7.59E-03
31.4	-8.86E-03
31.5	-1.01E-02
31.6	-1.14E-02
31.7	-1.27E-02
31.8	-1.40E-02
31.9	-1.52E-02
32	-1.78E-02
32.1	-1.91E-02
32.2	-2.04E-02
32.3	-2.16E-02
32.4	-2.16E-02
32.5	-2.29E-02
32.6	-2.42E-02
32.7	-2.55E-02
32.8	-2.68E-02
32.9	-2.81E-02
33	-2.94E-02
33.1	-3.20E-02
33.2	-3.33E-02
33.3	-3.46E-02
33.4	-3.59E-02
33.5	-3.59E-02
33.6	-3.72E-02
33.7	-3.85E-02
33.8	-3.98E-02
33.9	-4.11E-02
34	-4.24E-02
34.1	-4.37E-02
34.2	-4.50E-02
34.3	-4.77E-02
34.4	-4.90E-02
34.5	-5.03E-02
34.6	-5.16E-02
34.7	-5.16E-02
34.8	-5.29E-02
34.9	-5.42E-02
35	-5.56E-02
35.1	-5.69E-02
35.2	-5.82E-02
35.3	-5.95E-02
35.4	-6.09E-02
35.5	-6.35E-02
35.6	-6.42E-02
35.7	-6.22E-02
35.8	-6.15E-02
35.9	-6.15E-02
36	-5.95E-02
36.1	-5.89E-02
36.2	-5.69E-02
36.3	-5.62E-02
36.4	-5.42E-02
36.5	-5.36E-02
36.6	-5.16E-02
36.7	-4.90E-02
36.8	-4.83E-02
36.9	-4.63E-02
37	-4.57E-02
37.1	-4.57E-02
37.2	-4.37E-02
37.3	-4.31E-02
37.4	-4.11E-02
37.5	-4.04E-02
37.6	-3.85E-02
37.7	-3.72E-02
37.8	-3.46E-02
37.9	-3.33E-02
38	-3.26E-02
38.1	-3.07E-02
38.2	-3.07E-02
38.3	-2.94E-02
38.4	-2.81E-02
38.5	-2.68E-02
38.6	-2.55E-02
38.7	-2.42E-02
38.8	-2.29E-02
38.9	-2.16E-02
39	-1.91E-02
39.1	-1.78E-02
39.2	-1.65E-02
39.3	-1.52E-02
39.4	-1.52E-02
39.5	-1.40E-02
39.6	-1.27E-02
39.7	-1.14E-02
39.8	-1.01E-02
39.9	-8.86E-03
40	-7.59E-03
40.1	-6.32E-03
40.2	-3.79E-03
40.3	-2.52E-03
40.4	-1.26E-03
40.5	0.00E+00
40.6	0.00E+00
40.7	1.26E-03
40.8	2.52E-03
40.9	3.77E-03
41	5.02E-03
41.1	6.28E-03
41.2	7.53E-03
41.3	1.00E-02
41.4	1.13E-02
41.5	1.25E-02
41.6	1.38E-02
41.7	1.38E-02
41.8	1.50E-02
41.9	1.62E-02
42	1.75E-02
42.1	1.87E-02
42.2	1.99E-02
42.3	2.12E-02
42.4	2.24E-02
42.5	2.48E-02
42.6	2.61E-02
42.7	2.73E-02
42.8	2.85E-02
42.9	2.85E-02
43	2.97E-02
43.1	3.10E-02
43.2	3.22E-02
43.3	3.34E-02
43.4	3.46E-02
43.5	3.58E-02
43.6	3.70E-02
43.7	3.94E-02
43.8	4.06E-02
43.9	4.18E-02
44	4.30E-02
44.1	4.30E-02
44.2	4.42E-02
44.3	4.54E-02
44.4	4.66E-02
44.5	4.78E-02
44.6	4.90E-02
44.7	5.02E-02
44.8	5.07E-02
44.9	5.31E-02
45	5.43E-02
45.1	5.55E-02
45.2	5.55E-02
45.3	5.66E-02
45.4	5.78E-02
45.5	5.90E-02
45.6	6.02E-02
45.7	6.13E-02
45.8	6.31E-02
45.9	6.13E-02
46	5.90E-02
46.1	5.84E-02
46.2	5.66E-02
46.3	5.61E-02
46.4	5.61E-02
46.5	5.43E-02
46.6	5.31E-02
46.7	5.19E-02
46.8	5.07E-02
46.9	4.96E-02
47	4.84E-02
47.1	4.72E-02
47.2	4.48E-02
47.3	4.42E-02
47.4	4.24E-02
47.5	4.12E-02
47.6	4.12E-02
47.7	4.00E-02
47.8	3.88E-02
47.9	3.76E-02
48	3.64E-02
48.1	3.52E-02
48.2	3.40E-02
48.3	3.28E-02
48.4	3.03E-02
48.5	2.91E-02
48.6	2.79E-02
48.7	2.67E-02
48.8	2.67E-02
48.9	2.55E-02
49	2.42E-02
49.1	2.30E-02
49.2	2.18E-02
49.3	2.06E-02
49.4	1.93E-02
49.5	1.69E-02
49.6	1.56E-02
49.7	1.44E-02
49.8	1.31E-02
49.9	1.31E-02
50	1.19E-02
50.1	1.06E-02
50.2	9.40E-03
50.3	8.15E-03
50.4	6.90E-03
50.5	5.65E-03
50.6	4.40E-03
50.7	1.89E-03
50.8	6.30E-04
50.9	-6.30E-04
51	-1.89E-03
51.1	-1.89E-03
51.2	-3.15E-03
51.3	-4.42E-03
51.4	-5.68E-03
51.5	-6.95E-03
51.6	-8.22E-03
51.7	-9.49E-03
51.8	-1.08E-02
51.9	-1.33E-02
52	-1.46E-02
52.1	-1.59E-02
52.2	-1.72E-02
52.3	-1.72E-02
52.4	-1.84E-02
52.5	-1.97E-02
52.6	-2.10E-02
52.7	-2.23E-02
52.8	-2.36E-02
52.9	-2.49E-02
53	-2.62E-02
53.1	-2.87E-02
53.2	-3.00E-02
53.3	-3.13E-02
53.4	-3.13E-02
53.5	-3.26E-02
53.6	-3.39E-02
53.7	-3.52E-02
53.8	-3.65E-02
53.9	-3.78E-02
54	-3.91E-02
54.1	-4.04E-02
54.2	-4.31E-02
54.3	-4.44E-02
54.4	-4.57E-02
54.5	-4.70E-02
54.6	-4.70E-02
54.7	-4.83E-02
54.8	-4.96E-02
54.9	-5.09E-02
55	-5.23E-02
55.1	-5.36E-02
55.2	-5.49E-02
55.3	-5.62E-02
55.4	-5.89E-02
55.5	-6.02E-02
55.6	-6.22E-02
55.7	-6.28E-02
55.8	-6.28E-02
55.9	-6.42E-02
56	-6.28E-02
56.1	-6.22E-02
56.2	-6.02E-02
56.3	-5.95E-02
56.4	-5.75E-02
56.5	-5.69E-02
56.6	-5.42E-02
56.7	-5.23E-02
56.8	-5.16E-02
56.9	-5.16E-02
57	-4.96E-02
57.1	-4.90E-02
57.2	-4.70E-02
57.3	-4.63E-02
57.4	-4.44E-02
57.5	-4.37E-02
57.6	-4.18E-02
57.7	-3.91E-02
57.8	-3.78E-02
57.9	-3.65E-02
58	-3.59E-02
58.1	-3.59E-02
58.2	-3.39E-02
58.3	-3.26E-02
58.4	-3.13E-02
58.5	-3.00E-02
58.6	-3.00E-02
58.7	-2.81E-02
58.8	-2.74E-02
58.9	-2.49E-02
59	-2.29E-02
59.1	-2.23E-02
59.2	-2.04E-02
59.3	-2.04E-02
59.4	-1.97E-02
59.5	-1.78E-02
59.6	-1.72E-02
59.7	-1.52E-02
59.8	-1.46E-02
59.9	-1.27E-02
60	-1.14E-02
60.1	-8.86E-03
60.2	-7.59E-03
60.3	-6.32E-03
60.4	-6.32E-03
60.5	-5.05E-03
60.6	-3.79E-03
60.7	-2.52E-03
60.8	-1.89E-03
60.9	0.00E+00
61	1.26E-03
61.1	2.52E-03
61.2	3.77E-03
61.3	5.02E-03
61.4	7.53E-03
61.5	8.78E-03
61.6	1.00E-02
61.7	1.13E-02
61.8	1.13E-02
61.9	1.25E-02
62	1.31E-02
62.1	1.50E-02
62.2	1.62E-02
62.3	1.75E-02
62.4	1.87E-02
62.5	1.99E-02
62.6	2.24E-02
62.7	2.36E-02
62.8	2.48E-02
62.9	2.61E-02
63	2.61E-02
63.1	2.73E-02
63.2	2.85E-02
63.3	2.97E-02
63.4	3.10E-02
63.5	3.22E-02
63.6	3.34E-02
63.7	3.46E-02
63.8	3.70E-02
63.9	3.82E-02
64	3.94E-02
64.1	3.94E-02
64.2	4.06E-02
64.3	4.18E-02
64.4	4.30E-02
64.5	4.42E-02
64.6	4.54E-02
64.7	4.66E-02
64.8	4.78E-02
64.9	5.02E-02
65	5.13E-02
65.1	5.25E-02
65.2	5.37E-02
65.3	5.37E-02
65.4	5.49E-02
65.5	5.61E-02
65.6	5.72E-02
65.7	5.84E-02
65.8	5.96E-02
65.9	6.07E-02
66	6.19E-02
66.1	6.07E-02
66.2	5.96E-02
66.3	5.84E-02
66.4	5.72E-02
66.5	5.72E-02
66.6	5.61E-02
66.7	5.49E-02
66.8	5.37E-02
66.9	5.25E-02
67	5.13E-02
67.1	5.02E-02
67.2	4.90E-02
67.3	4.66E-02
67.4	4.54E-02
67.5	4.42E-02
67.6	4.42E-02
67.7	4.30E-02
67.8	4.18E-02
67.9	4.06E-02
68	3.94E-02
68.1	3.82E-02
68.2	3.70E-02
68.3	3.58E-02
68.4	3.46E-02
68.5	3.22E-02
68.6	3.10E-02
68.7	2.97E-02
68.8	2.97E-02
68.9	2.85E-02
69	2.73E-02
69.1	2.61E-02
69.2	2.48E-02
69.3	2.36E-02
69.4	2.24E-02
69.5	2.12E-02
69.6	1.87E-02
69.7	1.75E-02
69.8	1.62E-02
69.9	1.50E-02
70	1.50E-02
70.1	1.38E-02
70.2	1.25E-02
70.3	1.13E-02
70.4	1.00E-02
70.5	8.78E-03
70.6	7.53E-03
70.7	6.28E-03
70.8	3.77E-03
70.9	2.52E-03
71	1.26E-03
71.1	1.26E-03
71.2	0.00E+00
71.3	-1.89E-03
71.4	-2.52E-03
71.5	-3.79E-03
71.6	-5.05E-03
71.7	-6.32E-03
71.8	-7.59E-03
71.9	-8.86E-03
72	-1.14E-02
72.1	-1.27E-02
72.2	-1.46E-02
72.3	-1.46E-02
72.4	-1.52E-02
72.5	-1.72E-02
72.6	-1.78E-02
72.7	-1.91E-02
72.8	-2.04E-02
72.9	-2.10E-02
73	-2.23E-02
73.1	-2.49E-02
73.2	-2.62E-02
73.3	-2.74E-02
73.4	-2.87E-02
73.5	-2.87E-02
73.6	-3.00E-02
73.7	-3.13E-02
73.8	-3.33E-02
73.9	-3.39E-02
74	-3.59E-02
74.1	-3.65E-02
74.2	-3.85E-02
74.3	-4.11E-02
74.4	-4.18E-02
74.5	-4.31E-02
74.6	-4.31E-02
74.7	-4.44E-02
74.8	-4.63E-02
74.9	-4.70E-02
75	-4.90E-02
75.1	-4.96E-02
75.2	-5.16E-02
75.3	-5.23E-02
75.4	-5.42E-02
75.5	-5.69E-02
75.6	-5.75E-02
75.7	-5.95E-02
75.8	-5.95E-02
75.9	-6.02E-02
76	-6.22E-02
76.1	-6.28E-02
76.2	-6.48E-02
76.3	-6.28E-02
76.4	-6.22E-02
76.5	-6.02E-02
76.6	-5.89E-02
76.7	-5.62E-02
76.8	-5.49E-02
76.9	-5.36E-02
77	-5.36E-02
77.1	-5.23E-02
77.2	-5.16E-02
77.3	-4.96E-02
77.4	-4.90E-02
77.5	-4.70E-02
77.6	-4.63E-02
77.7	-4.44E-02
77.8	-4.18E-02
77.9	-4.04E-02
78	-3.91E-02
78.1	-3.78E-02
78.2	-3.78E-02
78.3	-3.65E-02
78.4	-3.52E-02
78.5	-3.39E-02
78.6	-3.33E-02
78.7	-3.13E-02
78.8	-3.00E-02
78.9	-2.87E-02
79	-2.62E-02
79.1	-2.49E-02
79.2	-2.36E-02
79.3	-2.36E-02
79.4	-2.23E-02
79.5	-2.10E-02
79.6	-1.97E-02
79.7	-1.84E-02
79.8	-1.72E-02
79.9	-1.59E-02
80	-1.46E-02
80.1	-1.33E-02
80.2	-1.08E-02
80.3	-9.49E-03
80.4	-8.22E-03
80.5	-8.22E-03
80.6	-6.95E-03
80.7	-5.68E-03
80.8	-4.42E-03
80.9	-3.15E-03
81	-1.89E-03
81.1	-6.30E-04
81.2	6.30E-04
81.3	3.14E-03
81.4	4.40E-03
81.5	5.65E-03
81.6	6.90E-03
81.7	6.90E-03
81.8	8.15E-03
81.9	9.40E-03
82	1.06E-02
82.1	1.19E-02
82.2	1.31E-02
82.3	1.44E-02
82.4	1.56E-02
82.5	1.81E-02
82.6	1.93E-02
82.7	2.06E-02
82.8	2.06E-02
82.9	2.18E-02
83	2.30E-02
83.1	2.42E-02
83.2	2.55E-02
83.3	2.67E-02
83.4	2.79E-02
83.5	2.91E-02
83.6	3.03E-02
83.7	3.28E-02
83.8	3.40E-02
83.9	3.52E-02
84	3.52E-02
84.1	3.64E-02
84.2	3.76E-02
84.3	3.88E-02
84.4	4.00E-02
84.5	4.12E-02
84.6	4.24E-02
84.7	4.36E-02
84.8	4.48E-02
84.9	4.72E-02
85	4.84E-02
85.1	4.96E-02
85.2	4.96E-02
85.3	5.07E-02
85.4	5.19E-02
85.5	5.31E-02
85.6	5.43E-02
85.7	5.55E-02
85.8	5.66E-02
85.9	5.78E-02
86	6.02E-02
86.1	6.13E-02
86.2	6.25E-02
86.3	6.25E-02
86.4	6.13E-02
86.5	6.07E-02
86.6	5.90E-02
86.7	5.84E-02
86.8	5.66E-02
86.9	5.55E-02
87	5.43E-02
87.1	5.37E-02
87.2	5.13E-02
87.3	5.02E-02
87.4	4.90E-02
87.5	4.90E-02
87.6	4.78E-02
87.7	4.66E-02
87.8	4.60E-02
87.9	4.42E-02
88	4.36E-02
88.1	4.18E-02
88.2	4.06E-02
88.3	3.94E-02
88.4	3.70E-02
88.5	3.58E-02
88.6	3.46E-02
88.7	3.46E-02
88.8	3.34E-02
88.9	3.22E-02
89	3.16E-02
89.1	2.97E-02
89.2	2.85E-02
89.3	2.73E-02
89.4	2.61E-02
89.5	2.48E-02
89.6	2.24E-02
89.7	2.12E-02
89.8	1.99E-02
89.9	1.99E-02
90	1.87E-02
90.1	1.75E-02
90.2	1.62E-02
90.3	1.50E-02
90.4	1.38E-02
90.5	1.25E-02
90.6	1.13E-02
90.7	8.78E-03
90.8	7.53E-03
90.9	6.28E-03
91	6.28E-03
91.1	5.02E-03
91.2	3.77E-03
91.3	2.52E-03
91.4	1.26E-03
91.5	0.00E+00
91.6	-1.26E-03
91.7	-2.52E-03
91.8	-3.79E-03
91.9	-6.32E-03
92	-7.59E-03
92.1	-8.86E-03
92.2	-8.86E-03
92.3	-1.01E-02
92.4	-1.14E-02
92.5	-1.27E-02
92.6	-1.40E-02
92.7	-1.52E-02
92.8	-1.65E-02
92.9	-1.78E-02
93	-1.91E-02
93.1	-2.16E-02
93.2	-2.29E-02
93.3	-2.42E-02
93.4	-2.42E-02
93.5	-2.55E-02
93.6	-2.68E-02
93.7	-2.81E-02
93.8	-2.94E-02
93.9	-3.07E-02
94	-3.20E-02
94.1	-3.33E-02
94.2	-3.59E-02
94.3	-3.72E-02
94.4	-3.85E-02
94.5	-3.85E-02
94.6	-3.98E-02
94.7	-4.11E-02
94.8	-4.24E-02
94.9	-4.37E-02
95	-4.57E-02
95.1	-4.63E-02
95.2	-4.83E-02
95.3	-4.90E-02
95.4	-5.16E-02
95.5	-5.29E-02
95.6	-5.42E-02
95.7	-5.42E-02
95.8	-5.56E-02
95.9	-5.69E-02
96	-5.89E-02
96.1	-5.95E-02
96.2	-6.15E-02
96.3	-6.22E-02
96.4	-6.42E-02
96.5	-6.42E-02
96.6	-6.15E-02
96.7	-5.95E-02
96.8	-5.89E-02
96.9	-5.89E-02
97	-5.69E-02
97.1	-5.56E-02
97.2	-5.42E-02
97.3	-5.29E-02
97.4	-5.16E-02
97.5	-5.09E-02
97.6	-4.90E-02
97.7	-4.83E-02
97.8	-4.57E-02
97.9	-4.37E-02
98	-4.37E-02
98.1	-4.24E-02
98.2	-4.11E-02
98.3	-3.98E-02
98.4	-3.85E-02
98.5	-3.72E-02
98.6	-3.59E-02
98.7	-3.52E-02
98.8	-3.33E-02
98.9	-3.07E-02
99	-2.94E-02
99.1	-2.81E-02
99.2	-2.81E-02
99.3	-2.68E-02
99.4	-2.55E-02
99.5	-2.42E-02
99.6	-2.29E-02
99.7	-2.16E-02
99.8	-2.04E-02
99.9	-1.91E-02
100	-1.78E-02
100.1	-1.52E-02
100.2	-1.40E-02
100.3	-1.27E-02
100.4	-1.27E-02
100.5	-1.14E-02
100.6	-1.01E-02
100.7	-8.86E-03
100.8	-7.59E-03
100.9	-6.32E-03
101	-5.05E-03
101.1	-3.79E-03
101.2	-2.52E-03
101.3	-6.30E-04
101.4	6.30E-04
101.5	1.89E-03
101.6	1.89E-03
101.7	3.14E-03
101.8	4.40E-03
101.9	5.65E-03
102	6.90E-03
102.1	8.15E-03
102.2	9.40E-03
102.3	1.06E-02
102.4	1.31E-02
102.5	1.44E-02
102.6	1.56E-02
102.7	1.56E-02
102.8	1.69E-02
102.9	1.81E-02
103	1.93E-02
103.1	2.06E-02
103.2	2.18E-02
103.3	2.30E-02
103.4	2.42E-02
103.5	2.55E-02
103.6	2.79E-02
103.7	2.91E-02
103.8	3.03E-02
103.9	3.03E-02
104	3.16E-02
104.1	3.28E-02
104.2	3.40E-02
104.3	3.52E-02
104.4	3.64E-02
104.5	3.76E-02
104.6	3.88E-02
104.7	4.00E-02
104.8	4.24E-02
104.9	4.36E-02
105	4.48E-02
105.1	4.48E-02
105.2	4.60E-02
105.3	4.72E-02
105.4	4.84E-02
105.5	4.96E-02
105.6	5.07E-02
105.7	5.19E-02
105.8	5.31E-02
105.9	5.43E-02
106	5.66E-02
106.1	5.78E-02
106.2	5.78E-02
106.3	5.90E-02
106.4	6.02E-02
106.5	6.13E-02
106.6	6.25E-02
106.7	6.13E-02
106.8	6.07E-02
106.9	5.90E-02
107	5.84E-02
107.1	5.61E-02
107.2	5.43E-02
107.3	5.37E-02
107.4	5.37E-02
107.5	5.19E-02
107.6	5.13E-02
107.7	4.96E-02
107.8	4.90E-02
107.9	4.72E-02
108	4.66E-02
108.1	4.48E-02
108.2	4.42E-02
108.3	4.18E-02
108.4	4.00E-02
108.5	3.94E-02
108.6	3.94E-02
108.7	3.76E-02
108.8	3.70E-02
108.9	3.52E-02
109	3.46E-02
109.1	3.28E-02
109.2	3.22E-02
109.3	3.03E-02
109.4	2.97E-02
109.5	2.67E-02
109.6	2.55E-02
109.7	2.55E-02
109.8	2.48E-02
109.9	2.30E-02
110	2.24E-02
110.1	2.06E-02
110.2	1.99E-02
110.3	1.81E-02
110.4	1.75E-02
110.5	1.56E-02
110.6	1.31E-02
110.7	1.25E-02
110.8	1.06E-02
110.9	1.06E-02
111	1.00E-02
111.1	8.15E-03
111.2	6.90E-03
111.3	5.65E-03
111.4	5.02E-03
111.5	3.14E-03
111.6	1.89E-03
111.7	6.30E-04
111.8	-1.89E-03
111.9	-3.15E-03
112	-4.42E-03
112.1	-4.42E-03
112.2	-5.68E-03
112.3	-6.95E-03
112.4	-8.22E-03
112.5	-9.49E-03
112.6	-1.08E-02
112.7	-1.20E-02
112.8	-1.33E-02
112.9	-1.46E-02
113	-1.72E-02
113.1	-1.84E-02
113.2	-1.84E-02
113.3	-1.97E-02
113.4	-2.10E-02
113.5	-2.23E-02
113.6	-2.36E-02
113.7	-2.49E-02
113.8	-2.62E-02
113.9	-2.74E-02
114	-2.87E-02
114.1	-3.00E-02
114.2	-3.26E-02
114.3	-3.39E-02
114.4	-3.39E-02
114.5	-3.52E-02
114.6	-3.65E-02
114.7	-3.78E-02
114.8	-3.91E-02
114.9	-4.04E-02
115	-4.18E-02
115.1	-4.31E-02
115.2	-4.44E-02
115.3	-4.70E-02
115.4	-4.83E-02
115.5	-4.96E-02
115.6	-4.96E-02
115.7	-5.09E-02
115.8	-5.23E-02
115.9	-5.36E-02
116	-5.42E-02
116.1	-5.56E-02
116.2	-5.69E-02
116.3	-5.82E-02
116.4	-5.95E-02
116.5	-6.22E-02
116.6	-6.35E-02
116.7	-6.42E-02
116.8	-6.42E-02
116.9	-6.22E-02
117	-6.15E-02
117.1	-5.95E-02
117.2	-5.89E-02
117.3	-5.69E-02
117.4	-5.56E-02
117.5	-5.42E-02
117.6	-5.29E-02
117.7	-5.03E-02
117.8	-4.90E-02
117.9	-4.77E-02
118	-4.77E-02
118.1	-4.63E-02
118.2	-4.57E-02
118.3	-4.37E-02
118.4	-4.24E-02
118.5	-4.11E-02
118.6	-3.98E-02
118.7	-3.85E-02
118.8	-3.72E-02
118.9	-3.46E-02
119	-3.33E-02
119.1	-3.33E-02
119.2	-3.20E-02
119.3	-3.07E-02
119.4	-2.94E-02
119.5	-2.81E-02
119.6	-2.68E-02
119.7	-2.55E-02
119.8	-2.42E-02
119.9	-2.29E-02
120	-2.16E-02
120.1	-1.91E-02
120.2	-1.78E-02
120.3	-1.78E-02
120.4	-1.65E-02
120.5	-1.52E-02
120.6	-1.40E-02
120.7	-1.27E-02
120.8	-1.14E-02
120.9	-1.01E-02
121	-8.86E-03
121.1	-7.59E-03
121.2	-5.05E-03
121.3	-3.79E-03
121.4	-2.52E-03
121.5	-2.52E-03
121.6	-1.26E-03
121.7	0.00E+00
121.8	1.26E-03
121.9	2.52E-03
122	3.77E-03
122.1	5.02E-03
122.2	6.28E-03
122.3	7.53E-03
122.4	1.00E-02
122.5	1.13E-02
122.6	1.13E-02
122.7	1.25E-02
122.8	1.38E-02
122.9	1.50E-02
123	1.62E-02
123.1	1.75E-02
123.2	1.87E-02
123.3	1.99E-02
123.4	2.12E-02
123.5	2.24E-02
123.6	2.48E-02
123.7	2.61E-02
123.8	2.61E-02
123.9	2.73E-02
124	2.85E-02
124.1	2.97E-02
124.2	3.10E-02
124.3	3.22E-02
124.4	3.34E-02
124.5	3.46E-02
124.6	3.58E-02
124.7	3.70E-02
124.8	3.94E-02
124.9	4.06E-02
125	4.06E-02
125.1	4.18E-02
125.2	4.30E-02
125.3	4.42E-02
125.4	4.54E-02
125.5	4.66E-02
125.6	4.78E-02
125.7	4.90E-02
125.8	5.02E-02
125.9	5.13E-02
126	5.37E-02
126.1	5.49E-02
126.2	5.49E-02
126.3	5.61E-02
126.4	5.72E-02
126.5	5.84E-02
126.6	5.96E-02
126.7	6.07E-02
126.8	6.19E-02
126.9	6.25E-02
127	6.07E-02
127.1	5.84E-02
127.2	5.78E-02
127.3	5.61E-02
127.4	5.61E-02
127.5	5.55E-02
127.6	5.37E-02
127.7	5.31E-02
127.8	5.13E-02
127.9	5.07E-02
128	4.90E-02
128.1	4.84E-02
128.2	4.66E-02
128.3	4.42E-02
128.4	4.36E-02
128.5	4.36E-02
128.6	4.18E-02
128.7	4.12E-02
128.8	3.94E-02
128.9	3.88E-02
129	3.70E-02
129.1	3.58E-02
129.2	3.46E-02
129.3	3.34E-02
129.4	3.22E-02
129.5	2.97E-02
129.6	2.91E-02
129.7	2.91E-02
129.8	2.73E-02
129.9	2.67E-02
130	2.48E-02
130.1	2.42E-02
130.2	2.30E-02
130.3	2.18E-02
130.4	2.06E-02
130.5	1.93E-02
130.6	1.81E-02
130.7	1.56E-02
130.8	1.44E-02
130.9	1.44E-02
131	1.31E-02
131.1	1.19E-02
131.2	1.06E-02
131.3	9.40E-03
131.4	8.15E-03
131.5	6.90E-03
131.6	5.65E-03
131.7	4.40E-03
131.8	1.89E-03
131.9	6.30E-04
132	6.30E-04
132.1	-6.30E-04
132.2	-1.89E-03
132.3	-3.15E-03
132.4	-4.42E-03
132.5	-5.68E-03
132.6	-6.95E-03
132.7	-8.22E-03
132.8	-9.49E-03
132.9	-1.08E-02
133	-1.33E-02
133.1	-1.46E-02
133.2	-1.46E-02
133.3	-1.59E-02
133.4	-1.72E-02
133.5	-1.84E-02
133.6	-1.97E-02
133.7	-2.10E-02
133.8	-2.23E-02
133.9	-2.36E-02
134	-2.49E-02
134.1	-2.62E-02
134.2	-2.87E-02
134.3	-3.00E-02
134.4	-3.00E-02
134.5	-3.13E-02
134.6	-3.26E-02
134.7	-3.39E-02
134.8	-3.52E-02
134.9	-3.65E-02
135	-3.78E-02
135.1	-3.91E-02
135.2	-4.04E-02
135.3	-4.31E-02
135.4	-4.44E-02
135.5	-4.57E-02
135.6	-4.57E-02
135.7	-4.70E-02
135.8	-4.83E-02
135.9	-4.96E-02
136	-5.09E-02
136.1	-5.23E-02
136.2	-5.36E-02
136.3	-5.49E-02
136.4	-5.62E-02
136.5	-5.89E-02
136.6	-6.02E-02
136.7	-6.02E-02
136.8	-6.15E-02
136.9	-6.28E-02
137	-6.42E-02
137.1	-6.28E-02
137.2	-6.22E-02
137.3	-6.02E-02
137.4	-5.95E-02
137.5	-5.75E-02
137.6	-5.69E-02
137.7	-5.42E-02
137.8	-5.23E-02
137.9	-5.23E-02
138	-5.16E-02
138.1	-4.96E-02
138.2	-4.90E-02
138.3	-4.70E-02
138.4	-4.63E-02
138.5	-4.44E-02
138.6	-4.37E-02
138.7	-4.18E-02
138.8	-4.04E-02
138.9	-3.78E-02
139	-3.65E-02
139.1	-3.65E-02
139.2	-3.59E-02
139.3	-3.39E-02
139.4	-3.33E-02
139.5	-3.13E-02
139.6	-3.07E-02
139.7	-2.87E-02
139.8	-2.74E-02
139.9	-2.62E-02
140	-2.36E-02
140.1	-2.23E-02
140.2	-2.23E-02
140.3	-2.10E-02
140.4	-1.97E-02
140.5	-1.84E-02
140.6	-1.72E-02
140.7	-1.59E-02
140.8	-1.46E-02
140.9	-1.33E-02
141	-1.20E-02
141.1	-1.08E-02
141.2	-8.22E-03
141.3	-6.95E-03
141.4	-6.95E-03
141.5	-5.68E-03
141.6	-4.42E-03
141.7	-3.15E-03
141.8	-1.89E-03
141.9	-6.30E-04
142	6.30E-04
142.1	1.89E-03
142.2	3.14E-03
142.3	4.40E-03
142.4	6.90E-03
142.5	8.15E-03
142.6	8.15E-03
142.7	9.40E-03
142.8	1.06E-02
142.9	1.19E-02
143	1.31E-02
143.1	1.44E-02
143.2	1.56E-02
143.3	1.69E-02
143.4	1.81E-02
143.5	1.99E-02
143.6	2.12E-02
143.7	2.12E-02
143.8	2.24E-02
143.9	2.36E-02
144	2.48E-02
144.1	2.61E-02
144.2	2.73E-02
144.3	2.85E-02
144.4	2.97E-02
144.5	3.10E-02
144.6	3.22E-02
144.7	3.46E-02
144.8	3.58E-02
144.9	3.58E-02
145	3.70E-02
145.1	3.82E-02
145.2	3.94E-02
145.3	4.06E-02
145.4	4.18E-02
145.5	4.30E-02
145.6	4.42E-02
145.7	4.54E-02
145.8	4.66E-02
145.9	4.90E-02
146	5.02E-02
146.1	5.02E-02
146.2	5.13E-02
146.3	5.25E-02
146.4	5.37E-02
146.5	5.49E-02
146.6	5.61E-02
146.7	5.72E-02
146.8	5.84E-02
146.9	5.96E-02
147	6.07E-02
147.1	6.19E-02
147.2	6.07E-02
147.3	6.07E-02
147.4	5.96E-02
147.5	5.84E-02
147.6	5.72E-02
147.7	5.61E-02
147.8	5.49E-02
147.9	5.37E-02
148	5.25E-02
148.1	5.13E-02
148.2	4.90E-02
148.3	4.78E-02
148.4	4.78E-02
148.5	4.66E-02
148.6	4.54E-02
148.7	4.42E-02
148.8	4.30E-02
148.9	4.18E-02
149	4.06E-02
149.1	3.94E-02
149.2	3.82E-02
149.3	3.70E-02
149.4	3.46E-02
149.5	3.34E-02
149.6	3.34E-02
149.7	3.22E-02
149.8	3.10E-02
149.9	2.97E-02
150	2.85E-02
150.1	2.73E-02
150.2	2.61E-02
150.3	2.48E-02
150.4	2.36E-02
150.5	2.24E-02
150.6	1.99E-02
150.7	1.87E-02
150.8	1.87E-02
150.9	1.75E-02
151	1.62E-02
151.1	1.50E-02
151.2	1.38E-02
151.3	1.25E-02
151.4	1.13E-02
151.5	1.00E-02
151.6	8.78E-03
151.7	6.28E-03
151.8	5.02E-03
151.9	5.02E-03
152	3.77E-03
152.1	2.52E-03
152.2	1.26E-03
152.3	0.00E+00
152.4	-1.26E-03
152.5	-2.52E-03
152.6	-3.79E-03
152.7	-5.05E-03
152.8	-6.32E-03
152.9	-8.86E-03
153	-1.01E-02
153.1	-1.01E-02
153.2	-1.14E-02
153.3	-1.27E-02
153.4	-1.40E-02
153.5	-1.52E-02
153.6	-1.72E-02
153.7	-1.78E-02
153.8	-1.91E-02
153.9	-2.04E-02
154	-2.23E-02
154.1	-2.42E-02
154.2	-2.55E-02
154.3	-2.55E-02
154.4	-2.68E-02
154.5	-2.81E-02
154.6	-3.00E-02
154.7	-3.07E-02
154.8	-3.26E-02
154.9	-3.33E-02
155	-3.52E-02
155.1	-3.59E-02
155.2	-3.78E-02
155.3	-3.98E-02
155.4	-3.98E-02
155.5	-4.11E-02
155.6	-4.31E-02
155.7	-4.37E-02
155.8	-4.57E-02
155.9	-4.63E-02
156	-4.83E-02
156.1	-4.90E-02
156.2	-5.09E-02
156.3	-5.16E-02
156.4	-5.42E-02
156.5	-5.62E-02
156.6	-5.62E-02
156.7	-5.69E-02
156.8	-5.89E-02
156.9	-5.95E-02
157	-6.15E-02
157.1	-6.22E-02
157.2	-6.42E-02
157.3	-6.48E-02
157.4	-6.28E-02
157.5	-6.22E-02
157.6	-5.95E-02
157.7	-5.82E-02
157.8	-5.82E-02
157.9	-5.69E-02
158	-5.56E-02
158.1	-5.42E-02
158.2	-5.23E-02
158.3	-5.16E-02
158.4	-4.96E-02
158.5	-4.90E-02
158.6	-4.70E-02
158.7	-4.63E-02
158.8	-4.37E-02
158.9	-4.37E-02
159	-4.18E-02
159.1	-4.11E-02
159.2	-3.91E-02
159.3	-3.85E-02
159.4	-3.65E-02
159.5	-3.59E-02
159.6	-3.39E-02
159.7	-3.33E-02
159.8	-3.13E-02
159.9	-3.07E-02
160	-2.81E-02
160.1	-2.81E-02
160.2	-2.62E-02
160.3	-2.55E-02
160.4	-2.36E-02
160.5	-2.29E-02
160.6	-2.10E-02
160.7	-2.04E-02
160.8	-1.84E-02
160.9	-1.78E-02
161	-1.59E-02
161.1	-1.33E-02
161.2	-1.27E-02
161.3	-1.27E-02
161.4	-1.08E-02
161.5	-9.49E-03
161.6	-8.22E-03
161.7	-6.95E-03
161.8	-5.68E-03
161.9	-5.05E-03
162	-3.15E-03
162.1	-1.89E-03
162.2	-6.30E-04
162.3	1.89E-03
162.4	3.14E-03
162.5	3.14E-03
162.6	4.40E-03
162.7	5.65E-03
162.8	6.90E-03
162.9	7.53E-03
163	9.40E-03
163.1	1.00E-02
163.2	1.19E-02
163.3	1.25E-02
163.4	1.44E-02
163.5	1.69E-02
163.6	1.69E-02
163.7	1.81E-02
163.8	1.93E-02
163.9	2.06E-02
164	2.18E-02
164.1	2.30E-02
164.2	2.42E-02
164.3	2.48E-02
164.4	2.67E-02
164.5	2.79E-02
164.6	3.03E-02
164.7	3.16E-02
164.8	3.16E-02
164.9	3.28E-02
165	3.40E-02
165.1	3.52E-02
165.2	3.64E-02
165.3	3.76E-02
165.4	3.88E-02
165.5	4.00E-02
165.6	4.12E-02
165.7	4.24E-02
165.8	4.48E-02
165.9	4.60E-02
166	4.60E-02
166.1	4.72E-02
166.2	4.84E-02
166.3	4.96E-02
166.4	5.07E-02
166.5	5.19E-02
166.6	5.31E-02
166.7	5.43E-02
166.8	5.55E-02
166.9	5.66E-02
167	5.90E-02
167.1	5.90E-02
167.2	6.02E-02
167.3	6.13E-02
167.4	6.25E-02
167.5	6.13E-02
167.6	6.02E-02
167.7	5.90E-02
167.8	5.78E-02
167.9	5.66E-02
168	5.55E-02
168.1	5.43E-02
168.2	5.19E-02
168.3	5.19E-02
168.4	5.07E-02
168.5	4.96E-02
168.6	4.84E-02
168.7	4.72E-02
168.8	4.60E-02
168.9	4.48E-02
169	4.36E-02
169.1	4.24E-02
169.2	4.12E-02
169.3	3.88E-02
169.4	3.76E-02
169.5	3.76E-02
169.6	3.64E-02
169.7	3.52E-02
169.8	3.40E-02
169.9	3.28E-02
170	3.16E-02
170.1	3.03E-02
170.2	2.91E-02
170.3	2.79E-02
170.4	2.67E-02
170.5	2.42E-02
170.6	2.42E-02
170.7	2.30E-02
170.8	2.18E-02
170.9	2.06E-02
171	1.99E-02
171.1	1.87E-02
171.2	1.75E-02
171.3	1.62E-02
171.4	1.50E-02
171.5	1.31E-02
171.6	1.25E-02
171.7	1.00E-02
171.8	1.00E-02
171.9	8.78E-03
172	7.53E-03
172.1	6.28E-03
172.2	5.02E-03
172.3	3.77E-03
172.4	2.52E-03
172.5	6.30E-04
172.6	0.00E+00
172.7	-1.89E-03
172.8	-4.42E-03
172.9	-5.05E-03
173	-5.05E-03
173.1	-6.95E-03
173.2	-7.59E-03
173.3	-8.86E-03
173.4	-1.01E-02
173.5	-1.20E-02
173.6	-1.27E-02
173.7	-1.46E-02
173.8	-1.52E-02
173.9	-1.72E-02
174	-1.97E-02
174.1	-2.04E-02
174.2	-2.04E-02
174.3	-2.23E-02
174.4	-2.29E-02
174.5	-2.49E-02
174.6	-2.55E-02
174.7	-2.74E-02
174.8	-2.81E-02
174.9	-3.00E-02
175	-3.07E-02
175.1	-3.26E-02
175.2	-3.52E-02
175.3	-3.52E-02
175.4	-3.59E-02
175.5	-3.78E-02
175.6	-3.85E-02
175.7	-4.04E-02
175.8	-4.11E-02
175.9	-4.31E-02
176	-4.37E-02
176.1	-4.57E-02
176.2	-4.63E-02
176.3	-4.83E-02
176.4	-5.09E-02
176.5	-5.09E-02
176.6	-5.16E-02
176.7	-5.36E-02
176.8	-5.42E-02
176.9	-5.62E-02
177	-5.69E-02
177.1	-5.89E-02
177.2	-5.95E-02
177.3	-6.15E-02
177.4	-6.28E-02
177.5	-6.42E-02
177.6	-6.28E-02
177.7	-6.28E-02
177.8	-6.15E-02
177.9	-6.02E-02
178	-5.89E-02
178.1	-5.75E-02
178.2	-5.62E-02
178.3	-5.49E-02
178.4	-5.36E-02
178.5	-5.23E-02
178.6	-5.09E-02
178.7	-4.83E-02
178.8	-4.83E-02
178.9	-4.70E-02
179	-4.57E-02
179.1	-4.44E-02
179.2	-4.31E-02
179.3	-4.18E-02
179.4	-4.04E-02
179.5	-3.91E-02
179.6	-3.78E-02
179.7	-3.65E-02
179.8	-3.52E-02
179.9	-3.26E-02
180	-3.26E-02
180.1	-3.13E-02
180.2	-3.00E-02
180.3	-2.87E-02
180.4	-2.74E-02
180.5	-2.55E-02
180.6	-2.49E-02
180.7	-2.36E-02
180.8	-2.23E-02
180.9	-2.10E-02
181	-1.97E-02
181.1	-1.72E-02
181.2	-1.72E-02
181.3	-1.59E-02
181.4	-1.46E-02
181.5	-1.27E-02
181.6	-1.20E-02
181.7	-1.01E-02
181.8	-9.49E-03
181.9	-7.59E-03
182	-6.95E-03
182.1	-5.05E-03
182.2	-2.52E-03
182.3	-2.52E-03
182.4	-1.89E-03
182.5	0.00E+00
182.6	6.30E-04
182.7	2.52E-03
182.8	3.14E-03
182.9	5.02E-03
183	5.65E-03
183.1	7.53E-03
183.2	8.15E-03
183.3	1.00E-02
183.4	1.25E-02
183.5	1.25E-02
183.6	1.31E-02
183.7	1.50E-02
183.8	1.56E-02
183.9	1.75E-02
184	1.81E-02
184.1	1.99E-02
184.2	2.06E-02
184.3	2.24E-02
184.4	2.30E-02
184.5	2.48E-02
184.6	2.73E-02
184.7	2.73E-02
184.8	2.73E-02
184.9	2.91E-02
185	2.97E-02
185.1	3.16E-02
185.2	3.22E-02
185.3	3.40E-02
185.4	3.52E-02
185.5	3.64E-02
185.6	3.76E-02
185.7	3.94E-02
185.8	3.94E-02
185.9	4.12E-02
186	4.18E-02
186.1	4.36E-02
186.2	4.42E-02
186.3	4.60E-02
186.4	4.72E-02
186.5	4.84E-02
186.6	4.96E-02
186.7	5.07E-02
186.8	5.19E-02
186.9	5.43E-02
187	5.43E-02
187.1	5.55E-02
187.2	5.66E-02
187.3	5.78E-02
187.4	5.90E-02
187.5	6.02E-02
187.6	6.13E-02
187.7	6.25E-02
187.8	6.13E-02
187.9	6.02E-02
188	5.90E-02
188.1	5.66E-02
188.2	5.66E-02
188.3	5.55E-02
188.4	5.43E-02
188.5	5.31E-02
188.6	5.19E-02
188.7	5.07E-02
188.8	4.96E-02
188.9	4.84E-02
189	4.72E-02
189.1	4.60E-02
189.2	4.48E-02
189.3	4.24E-02
189.4	4.24E-02
189.5	4.12E-02
189.6	3.94E-02
189.7	3.88E-02
189.8	3.76E-02
189.9	3.64E-02
190	3.52E-02
190.1	3.40E-02
190.2	3.28E-02
190.3	3.16E-02
190.4	2.91E-02
190.5	2.91E-02
190.6	2.79E-02
190.7	2.67E-02
190.8	2.48E-02
190.9	2.42E-02
191	2.30E-02
191.1	2.18E-02
191.2	2.06E-02
191.3	1.93E-02
191.4	1.81E-02
191.5	1.69E-02
191.6	1.44E-02
191.7	1.44E-02
191.8	1.25E-02
191.9	1.19E-02
192	1.00E-02
192.1	9.40E-03
192.2	8.15E-03
192.3	6.90E-03
192.4	5.02E-03
192.5	4.40E-03
192.6	2.52E-03
192.7	1.89E-03
192.8	-6.30E-04
192.9	-6.30E-04
193	-2.52E-03
193.1	-3.15E-03
193.2	-5.05E-03
193.3	-5.68E-03
193.4	-7.59E-03
193.5	-8.22E-03
193.6	-1.01E-02
193.7	-1.08E-02
193.8	-1.27E-02
193.9	-1.52E-02
194	-1.52E-02
194.1	-1.59E-02
194.2	-1.78E-02
194.3	-1.84E-02
194.4	-2.04E-02
194.5	-2.10E-02
194.6	-2.29E-02
194.7	-2.42E-02
194.8	-2.55E-02
194.9	-2.68E-02
195	-2.81E-02
195.1	-3.07E-02
195.2	-3.07E-02
195.3	-3.20E-02
195.4	-3.33E-02
195.5	-3.39E-02
195.6	-3.59E-02
195.7	-3.72E-02
195.8	-3.85E-02
195.9	-3.98E-02
196	-4.11E-02
196.1	-4.24E-02
196.2	-4.37E-02
196.3	-4.63E-02
196.4	-4.63E-02
196.5	-4.77E-02
196.6	-4.90E-02
196.7	-5.03E-02
196.8	-5.16E-02
196.9	-5.29E-02
197	-5.42E-02
197.1	-5.56E-02
197.2	-5.69E-02
197.3	-5.82E-02
197.4	-5.95E-02
197.5	-5.95E-02
197.6	-6.22E-02
197.7	-6.35E-02
197.8	-6.35E-02
197.9	-6.22E-02
198	-6.09E-02
198.1	-5.95E-02
198.2	-5.82E-02
198.3	-5.69E-02
198.4	-5.56E-02
198.5	-5.42E-02
198.6	-5.16E-02
198.7	-5.16E-02
198.8	-5.03E-02
198.9	-4.90E-02
199	-4.83E-02
199.1	-4.70E-02
199.2	-4.57E-02
199.3	-4.44E-02
199.4	-4.31E-02
199.5	-4.18E-02
199.6	-4.04E-02
199.7	-3.91E-02
199.8	-3.65E-02
199.9	-3.65E-02
200	-3.52E-02
200.1	-3.39E-02
200.2	-3.26E-02
200.3	-3.13E-02
200.4	-3.00E-02
200.5	-2.81E-02
200.6	-2.74E-02
200.7	-2.62E-02
200.8	-2.49E-02
200.9	-2.36E-02
201	-2.10E-02
201.1	-2.10E-02
201.2	-1.97E-02
201.3	-1.84E-02
201.4	-1.72E-02
201.5	-1.52E-02
201.6	-1.46E-02
201.7	-1.27E-02
201.8	-1.20E-02
201.9	-1.08E-02
202	-9.49E-03
202.1	-6.95E-03
202.2	-6.95E-03
202.3	-5.68E-03
202.4	-4.42E-03
202.5	-2.52E-03
202.6	-1.89E-03
202.7	0.00E+00
202.8	6.30E-04
202.9	2.52E-03
203	3.14E-03
203.1	4.40E-03
203.2	5.65E-03
203.3	8.15E-03
203.4	8.15E-03
203.5	1.00E-02
203.6	1.06E-02
203.7	1.25E-02
203.8	1.31E-02
203.9	1.50E-02
204	1.56E-02
204.1	1.75E-02
204.2	1.81E-02
204.3	1.99E-02
204.4	2.06E-02
204.5	2.30E-02
204.6	2.30E-02
204.7	2.48E-02
204.8	2.55E-02
204.9	2.73E-02
205	2.79E-02
205.1	2.97E-02
205.2	3.03E-02
205.3	3.22E-02
205.4	3.28E-02
205.5	3.46E-02
205.6	3.52E-02
205.7	3.52E-02
205.8	3.76E-02
205.9	3.94E-02
206	4.00E-02
206.1	4.18E-02
206.2	4.24E-02
206.3	4.42E-02
206.4	4.48E-02
206.5	4.66E-02
206.6	4.72E-02
206.7	4.90E-02
206.8	5.13E-02
206.9	5.13E-02
207	5.25E-02
207.1	5.37E-02
207.2	5.43E-02
207.3	5.61E-02
207.4	5.66E-02
207.5	5.84E-02
207.6	5.90E-02
207.7	6.07E-02
207.8	6.19E-02
207.9	6.19E-02
208	5.90E-02
208.1	5.90E-02
208.2	5.84E-02
208.3	5.66E-02
208.4	5.61E-02
208.5	5.43E-02
208.6	5.37E-02
208.7	5.19E-02
208.8	5.13E-02
208.9	5.02E-02
209	4.90E-02
209.1	4.72E-02
209.2	4.72E-02
209.3	4.48E-02
209.4	4.42E-02
209.5	4.24E-02
209.6	4.18E-02
209.7	4.00E-02
209.8	3.94E-02
209.9	3.76E-02
210	3.70E-02
210.1	3.52E-02
210.2	3.46E-02
210.3	3.28E-02
210.4	3.28E-02
210.5	3.03E-02
210.6	2.97E-02
210.7	2.79E-02
210.8	2.73E-02
210.9	2.55E-02
211	2.48E-02
211.1	2.30E-02
211.2	2.24E-02
211.3	2.06E-02
211.4	1.99E-02
211.5	1.75E-02
211.6	1.75E-02
211.7	1.56E-02
211.8	1.50E-02
211.9	1.31E-02
212	1.25E-02
212.1	1.06E-02
212.2	1.00E-02
212.3	8.15E-03
212.4	7.53E-03
212.5	5.65E-03
212.6	5.02E-03
212.7	5.02E-03
212.8	2.52E-03
212.9	6.30E-04
213	0.00E+00
213.1	-6.30E-04
213.2	-2.52E-03
213.3	-3.15E-03
213.4	-5.05E-03
213.5	-5.68E-03
213.6	-7.59E-03
213.7	-8.22E-03
213.8	-1.08E-02
213.9	-1.08E-02
214	-1.27E-02
214.1	-1.33E-02
214.2	-1.52E-02
214.3	-1.59E-02
214.4	-1.78E-02
214.5	-1.91E-02
214.6	-2.04E-02
214.7	-2.10E-02
214.8	-2.29E-02
214.9	-2.42E-02
215	-2.68E-02
215.1	-2.68E-02
215.2	-2.81E-02
215.3	-2.94E-02
215.4	-3.07E-02
215.5	-3.20E-02
215.6	-3.33E-02
215.7	-3.46E-02
215.8	-3.59E-02
215.9	-3.72E-02
216	-3.85E-02
216.1	-3.98E-02
216.2	-4.24E-02
216.3	-4.24E-02
216.4	-4.37E-02
216.5	-4.50E-02
216.6	-4.63E-02
216.7	-4.77E-02
216.8	-4.90E-02
216.9	-5.03E-02
217	-5.16E-02
217.1	-5.29E-02
217.2	-5.42E-02
217.3	-5.56E-02
217.4	-5.56E-02
217.5	-5.82E-02
217.6	-5.95E-02
217.7	-6.09E-02
217.8	-6.22E-02
217.9	-6.35E-02
218	-6.42E-02
218.1	-6.22E-02
218.2	-6.15E-02
218.3	-5.95E-02
218.4	-5.82E-02
218.5	-5.69E-02
218.6	-5.69E-02
218.7	-5.42E-02
218.8	-5.29E-02
218.9	-5.16E-02
219	-5.03E-02
219.1	-4.90E-02
219.2	-4.77E-02
219.3	-4.63E-02
219.4	-4.50E-02
219.5	-4.37E-02
219.6	-4.24E-02
219.7	-3.98E-02
219.8	-3.98E-02
219.9	-3.85E-02
220	-3.72E-02
220.1	-3.59E-02
220.2	-3.46E-02
220.3	-3.33E-02
220.4	-3.20E-02
220.5	-3.07E-02
220.6	-2.94E-02
220.7	-2.81E-02
220.8	-2.68E-02
220.9	-2.68E-02
221	-2.42E-02
221.1	-2.29E-02
221.2	-2.16E-02
221.3	-2.04E-02
221.4	-1.91E-02
221.5	-1.78E-02
221.6	-1.65E-02
221.7	-1.52E-02
221.8	-1.40E-02
221.9	-1.27E-02
222	-1.14E-02
222.1	-1.14E-02
222.2	-8.86E-03
222.3	-7.59E-03
222.4	-6.32E-03
222.5	-5.05E-03
222.6	-3.79E-03
222.7	-2.52E-03
222.8	-1.26E-03
222.9	0.00E+00
223	1.26E-03
223.1	2.52E-03
223.2	5.02E-03
223.3	5.02E-03
223.4	6.28E-03
223.5	7.53E-03
223.6	8.78E-03
223.7	1.00E-02
223.8	1.13E-02
223.9	1.25E-02
224	1.38E-02
224.1	1.50E-02
224.2	1.62E-02
224.3	1.75E-02
224.4	1.75E-02
224.5	1.99E-02
224.6	2.12E-02
224.7	2.24E-02
224.8	2.36E-02
224.9	2.48E-02
225	2.61E-02
225.1	2.73E-02
225.2	2.85E-02
225.3	2.97E-02
225.4	3.10E-02
225.5	3.22E-02
225.6	3.22E-02
225.7	3.46E-02
225.8	3.58E-02
225.9	3.70E-02
226	3.82E-02
226.1	3.94E-02
226.2	4.12E-02
226.3	4.18E-02
226.4	4.30E-02
226.5	4.42E-02
226.6	4.54E-02
226.7	4.66E-02
226.8	4.66E-02
226.9	4.90E-02
227	5.02E-02
227.1	5.13E-02
227.2	5.19E-02
227.3	5.31E-02
227.4	5.43E-02
227.5	5.61E-02
227.6	5.66E-02
227.7	5.84E-02
227.8	5.90E-02
227.9	6.13E-02
228	6.13E-02
228.1	6.31E-02
228.2	6.13E-02
228.3	6.07E-02
228.4	5.90E-02
228.5	5.84E-02
228.6	5.66E-02
228.7	5.61E-02
228.8	5.43E-02
228.9	5.37E-02
229	5.19E-02
229.1	5.19E-02
229.2	4.96E-02
229.3	4.90E-02
229.4	4.72E-02
229.5	4.66E-02
229.6	4.48E-02
229.7	4.42E-02
229.8	4.24E-02
229.9	4.18E-02
230	4.00E-02
230.1	3.94E-02
230.2	3.76E-02
230.3	3.76E-02
230.4	3.52E-02
230.5	3.46E-02
230.6	3.28E-02
230.7	3.22E-02
230.8	3.03E-02
230.9	2.97E-02
231	2.79E-02
231.1	2.73E-02
231.2	2.55E-02
231.3	2.42E-02
231.4	2.18E-02
231.5	2.18E-02
231.6	2.06E-02
231.7	1.99E-02
231.8	1.81E-02
231.9	1.75E-02
232	1.56E-02
232.1	1.50E-02
232.2	1.31E-02
232.3	1.19E-02
232.4	1.06E-02
232.5	9.40E-03
232.6	9.40E-03
232.7	6.90E-03
232.8	5.65E-03
232.9	4.40E-03
233	3.14E-03
233.1	2.52E-03
233.2	6.30E-04
233.3	-6.30E-04
233.4	-1.89E-03
233.5	-3.15E-03
233.6	-4.42E-03
233.7	-5.68E-03
233.8	-5.68E-03
233.9	-8.22E-03
234	-9.49E-03
234.1	-1.08E-02
234.2	-1.20E-02
234.3	-1.33E-02
234.4	-1.46E-02
234.5	-1.59E-02
234.6	-1.72E-02
234.7	-1.84E-02
234.8	-1.97E-02
234.9	-2.10E-02
235	-2.10E-02
235.1	-2.36E-02
235.2	-2.49E-02
235.3	-2.62E-02
235.4	-2.74E-02
235.5	-2.87E-02
235.6	-3.00E-02
235.7	-3.13E-02
235.8	-3.26E-02
235.9	-3.39E-02
236	-3.52E-02
236.1	-3.52E-02
236.2	-3.78E-02
236.3	-3.91E-02
236.4	-4.04E-02
236.5	-4.18E-02
236.6	-4.31E-02
236.7	-4.44E-02
236.8	-4.57E-02
236.9	-4.70E-02
237	-4.83E-02
237.1	-4.96E-02
237.2	-5.09E-02
237.3	-5.09E-02
237.4	-5.36E-02
237.5	-5.49E-02
237.6	-5.62E-02
237.7	-5.75E-02
237.8	-5.89E-02
237.9	-6.02E-02
238	-6.15E-02
238.1	-6.28E-02
238.2	-6.42E-02
238.3	-6.28E-02
238.4	-6.15E-02
238.5	-6.15E-02
238.6	-5.89E-02
238.7	-5.75E-02
238.8	-5.62E-02
238.9	-5.49E-02
239	-5.36E-02
239.1	-5.23E-02
239.2	-5.09E-02
239.3	-4.96E-02
239.4	-4.83E-02
239.5	-4.70E-02
239.6	-4.44E-02
239.7	-4.44E-02
239.8	-4.31E-02
239.9	-4.18E-02
240	-4.04E-02
240.1	-3.91E-02
240.2	-3.78E-02
240.3	-3.65E-02
240.4	-3.52E-02
240.5	-3.39E-02
240.6	-3.26E-02
240.7	-3.13E-02
240.8	-3.13E-02
240.9	-2.87E-02
241	-2.74E-02
241.1	-2.62E-02
241.2	-2.49E-02
241.3	-2.36E-02
241.4	-2.23E-02
241.5	-2.10E-02
241.6	-2.04E-02
241.7	-1.91E-02
241.8	-1.78E-02
241.9	-1.65E-02
242	-1.65E-02
242.1	-1.40E-02
242.2	-1.27E-02
242.3	-1.14E-02
242.4	-1.01E-02
242.5	-8.86E-03
242.6	-7.59E-03
242.7	-6.32E-03
242.8	-5.05E-03
242.9	-3.79E-03
243	-2.52E-03
243.1	-1.26E-03
243.2	-1.26E-03
243.3	1.89E-03
243.4	2.52E-03
243.5	3.77E-03
243.6	5.02E-03
243.7	6.28E-03
243.8	7.53E-03
243.9	8.78E-03
244	1.00E-02
244.1	1.13E-02
244.2	1.25E-02
244.3	1.38E-02
244.4	1.38E-02
244.5	1.62E-02
244.6	1.75E-02
244.7	1.93E-02
244.8	1.99E-02
244.9	2.12E-02
245	2.24E-02
245.1	2.36E-02
245.2	2.48E-02
245.3	2.61E-02
245.4	2.73E-02
245.5	2.91E-02
245.6	2.91E-02
245.7	3.16E-02
245.8	3.22E-02
245.9	3.40E-02
246	3.46E-02
246.1	3.64E-02
246.2	3.70E-02
246.3	3.88E-02
246.4	3.94E-02
246.5	4.12E-02
246.6	4.18E-02
246.7	4.18E-02
246.8	4.42E-02
246.9	4.60E-02
247	4.66E-02
247.1	4.84E-02
247.2	4.90E-02
247.3	5.07E-02
247.4	5.13E-02
247.5	5.31E-02
247.6	5.37E-02
247.7	5.55E-02
247.8	5.61E-02
247.9	5.61E-02
248	5.84E-02
248.1	6.02E-02
248.2	6.07E-02
248.3	6.25E-02
248.4	6.25E-02
248.5	6.07E-02
248.6	6.02E-02
248.7	5.84E-02
248.8	5.78E-02
248.9	5.61E-02
249	5.55E-02
249.1	5.55E-02
249.2	5.31E-02
249.3	5.13E-02
249.4	5.07E-02
249.5	4.90E-02
249.6	4.84E-02
249.7	4.66E-02
249.8	4.60E-02
249.9	4.42E-02
250	4.36E-02
250.1	4.18E-02
250.2	4.18E-02
250.3	3.94E-02
250.4	3.88E-02
250.5	3.70E-02
250.6	3.64E-02
250.7	3.46E-02
250.8	3.40E-02
250.9	3.22E-02
251	3.16E-02
251.1	2.97E-02
251.2	2.91E-02
251.3	2.73E-02
251.4	2.73E-02
251.5	2.48E-02
251.6	2.36E-02
251.7	2.24E-02
251.8	2.12E-02
251.9	1.99E-02
252	1.93E-02
252.1	1.75E-02
252.2	1.69E-02
252.3	1.50E-02
252.4	1.38E-02
252.5	1.38E-02
252.6	1.25E-02
252.7	1.00E-02
252.8	8.78E-03
252.9	7.53E-03
253	6.28E-03
253.1	5.02E-03
253.2	3.77E-03
253.3	2.52E-03
253.4	1.26E-03
253.5	0.00E+00
253.6	-1.26E-03
253.7	-1.26E-03
253.8	-3.79E-03
253.9	-5.05E-03
254	-6.32E-03
254.1	-7.59E-03
254.2	-8.86E-03
254.3	-1.01E-02
254.4	-1.14E-02
254.5	-1.27E-02
254.6	-1.40E-02
254.7	-1.52E-02
254.8	-1.65E-02
254.9	-1.65E-02
255	-1.91E-02
255.1	-2.04E-02
255.2	-2.16E-02
255.3	-2.29E-02
255.4	-2.42E-02
255.5	-2.55E-02
255.6	-2.68E-02
255.7	-2.81E-02
255.8	-2.94E-02
255.9	-3.00E-02
256	-3.00E-02
256.1	-3.13E-02
256.2	-3.39E-02
256.3	-3.52E-02
256.4	-3.65E-02
256.5	-3.78E-02
256.6	-3.91E-02
256.7	-4.04E-02
256.8	-4.18E-02
256.9	-4.31E-02
257	-4.44E-02
257.1	-4.57E-02
257.2	-4.57E-02
257.3	-4.83E-02
257.4	-4.96E-02
257.5	-5.09E-02
257.6	-5.23E-02
257.7	-5.36E-02
257.8	-5.49E-02
257.9	-5.62E-02
258	-5.75E-02
258.1	-5.89E-02
258.2	-6.02E-02
258.3	-6.15E-02
258.4	-6.15E-02
258.5	-6.42E-02
258.6	-6.28E-02
258.7	-6.15E-02
258.8	-6.02E-02
258.9	-5.89E-02
259	-5.75E-02
259.1	-5.62E-02
259.2	-5.49E-02
259.3	-5.36E-02
259.4	-5.23E-02
259.5	-5.23E-02
259.6	-5.09E-02
259.7	-4.83E-02
259.8	-4.70E-02
259.9	-4.57E-02
260	-4.44E-02
260.1	-4.31E-02
260.2	-4.18E-02
260.3	-4.04E-02
260.4	-3.91E-02
260.5	-3.78E-02
260.6	-3.65E-02
260.7	-3.65E-02
260.8	-3.39E-02
260.9	-3.26E-02
261	-3.13E-02
261.1	-3.00E-02
261.2	-2.87E-02
261.3	-2.74E-02
261.4	-2.62E-02
261.5	-2.49E-02
261.6	-2.36E-02
261.7	-2.23E-02
261.8	-2.10E-02
261.9	-1.97E-02
262	-1.97E-02
262.1	-1.72E-02
262.2	-1.59E-02
262.3	-1.46E-02
262.4	-1.33E-02
262.5	-1.20E-02
262.6	-1.08E-02
262.7	-9.49E-03
262.8	-8.22E-03
262.9	-6.95E-03
263	-5.68E-03
263.1	-5.68E-03
263.2	-4.42E-03
263.3	-1.89E-03
263.4	-6.30E-04
263.5	6.30E-04
263.6	1.89E-03
263.7	3.14E-03
263.8	4.40E-03
263.9	5.65E-03
264	6.90E-03
264.1	8.15E-03
264.2	9.40E-03
264.3	9.40E-03
264.4	1.06E-02
264.5	1.31E-02
264.6	1.44E-02
264.7	1.56E-02
264.8	1.69E-02
264.9	1.81E-02
265	1.93E-02
265.1	2.06E-02
265.2	2.18E-02
265.3	2.30E-02
265.4	2.42E-02
265.5	2.42E-02
265.6	2.55E-02
265.7	2.79E-02
265.8	2.91E-02
265.9	3.03E-02
266	3.16E-02
266.1	3.28E-02
266.2	3.40E-02
266.3	3.52E-02
266.4	3.64E-02
266.5	3.76E-02
266.6	3.88E-02
266.7	4.00E-02
266.8	4.00E-02
266.9	4.24E-02
267	4.36E-02
267.1	4.48E-02
267.2	4.60E-02
267.3	4.72E-02
267.4	4.84E-02
267.5	4.96E-02
267.6	5.07E-02
267.7	5.19E-02
267.8	5.31E-02
267.9	5.43E-02
268	5.43E-02
268.1	5.66E-02
268.2	5.78E-02
268.3	5.90E-02
268.4	6.02E-02
268.5	6.13E-02
268.6	6.25E-02
268.7	6.13E-02
268.8	6.07E-02
268.9	5.90E-02
269	5.84E-02
269.1	5.66E-02
269.2	5.66E-02
269.3	5.43E-02
269.4	5.37E-02
269.5	5.19E-02
269.6	5.13E-02
269.7	4.96E-02
269.8	4.90E-02
269.9	4.84E-02
270	4.66E-02
270.1	4.60E-02
270.2	4.42E-02
270.3	4.36E-02
270.4	4.18E-02
270.5	4.18E-02
270.6	4.12E-02
270.7	3.88E-02
270.8	3.70E-02
270.9	3.64E-02
271	3.46E-02
271.1	3.40E-02
271.2	3.28E-02
271.3	3.16E-02
271.4	2.97E-02
271.5	2.91E-02
271.6	2.73E-02
271.7	2.73E-02
271.8	2.67E-02
271.9	2.36E-02
272	2.24E-02
272.1	2.18E-02
272.2	1.99E-02
272.3	1.93E-02
272.4	1.75E-02
272.5	1.69E-02
272.6	1.50E-02
272.7	1.44E-02
272.8	1.25E-02
272.9	1.25E-02
273	1.00E-02
273.1	8.78E-03
273.2	7.53E-03
273.3	6.28E-03
273.4	5.02E-03
273.5	3.77E-03
273.6	2.52E-03
273.7	1.89E-03
273.8	0.00E+00
273.9	-1.26E-03
274	-1.26E-03
274.1	-2.52E-03
274.2	-5.05E-03
274.3	-6.32E-03
274.4	-7.59E-03
274.5	-8.86E-03
274.6	-1.01E-02
274.7	-1.14E-02
274.8	-1.27E-02
274.9	-1.40E-02
275	-1.52E-02
275.1	-1.65E-02
275.2	-1.65E-02
275.3	-1.78E-02
275.4	-2.04E-02
275.5	-2.16E-02
275.6	-2.29E-02
275.7	-2.42E-02
275.8	-2.55E-02
275.9	-2.68E-02
276	-2.81E-02
276.1	-2.94E-02
276.2	-3.07E-02
276.3	-3.20E-02
276.4	-3.20E-02
276.5	-3.46E-02
276.6	-3.59E-02
276.7	-3.72E-02
276.8	-3.85E-02
276.9	-3.98E-02
277	-4.11E-02
277.1	-4.24E-02
277.2	-4.37E-02
277.3	-4.50E-02
277.4	-4.63E-02
277.5	-4.77E-02
277.6	-4.90E-02
277.7	-4.90E-02
277.8	-5.03E-02
277.9	-5.29E-02
278	-5.42E-02
278.1	-5.56E-02
278.2	-5.69E-02
278.3	-5.82E-02
278.4	-5.95E-02
278.5	-6.09E-02
278.6	-6.22E-02
278.7	-6.42E-02
278.8	-6.42E-02
278.9	-6.42E-02
279	-6.22E-02
279.1	-5.95E-02
279.2	-5.82E-02
279.3	-5.69E-02
279.4	-5.56E-02
279.5	-5.42E-02
279.6	-5.29E-02
279.7	-5.16E-02
279.8	-5.03E-02
279.9	-4.90E-02
280	-4.90E-02
280.1	-4.77E-02
280.2	-4.50E-02
280.3	-4.37E-02
280.4	-4.24E-02
280.5	-4.11E-02
280.6	-3.98E-02
280.7	-3.85E-02
280.8	-3.72E-02
280.9	-3.59E-02
281	-3.46E-02
281.1	-3.33E-02
281.2	-3.20E-02
281.3	-3.07E-02
281.4	-3.07E-02
281.5	-2.94E-02
281.6	-2.68E-02
281.7	-2.55E-02
281.8	-2.42E-02
281.9	-2.29E-02
282	-2.16E-02
282.1	-2.04E-02
282.2	-1.91E-02
282.3	-1.78E-02
282.4	-1.65E-02
282.5	-1.52E-02
282.6	-1.52E-02
282.7	-1.27E-02
282.8	-1.14E-02
282.9	-1.01E-02
283	-8.86E-03
283.1	-7.59E-03
283.2	-6.32E-03
283.3	-5.05E-03
283.4	-3.79E-03
283.5	-3.15E-03
283.6	-1.89E-03
283.7	-1.89E-03
283.8	-6.30E-04
283.9	1.89E-03
284	3.14E-03
284.1	4.40E-03
284.2	5.65E-03
284.3	6.90E-03
284.4	8.15E-03
284.5	9.40E-03
284.6	1.06E-02
284.7	1.19E-02
284.8	1.31E-02
284.9	1.31E-02
285	1.44E-02
285.1	1.69E-02
285.2	1.81E-02
285.3	1.93E-02
285.4	2.06E-02
285.5	2.18E-02
285.6	2.30E-02
285.7	2.42E-02
285.8	2.55E-02
285.9	2.67E-02
286	2.79E-02
286.1	2.79E-02
286.2	2.91E-02
286.3	3.16E-02
286.4	3.28E-02
286.5	3.40E-02
286.6	3.52E-02
286.7	3.64E-02
286.8	3.76E-02
286.9	3.88E-02
287	4.00E-02
287.1	4.12E-02
287.2	4.12E-02
287.3	4.24E-02
287.4	4.48E-02
287.5	4.66E-02
287.6	4.72E-02
287.7	4.90E-02
287.8	4.96E-02
287.9	5.13E-02
288	5.19E-02
288.1	5.37E-02
288.2	5.43E-02
288.3	5.55E-02
288.4	5.55E-02
288.5	5.66E-02
288.6	5.90E-02
288.7	6.07E-02
288.8	6.13E-02
288.9	6.31E-02
289	6.19E-02
289.1	6.07E-02
289.2	5.96E-02
289.3	5.84E-02
289.4	5.66E-02
289.5	5.61E-02
289.6	5.61E-02
289.7	5.43E-02
289.8	5.19E-02
289.9	5.13E-02
290	4.96E-02
290.1	4.90E-02
290.2	4.78E-02
290.3	4.66E-02
290.4	4.48E-02
290.5	4.42E-02
290.6	4.24E-02
290.7	4.24E-02
290.8	4.18E-02
290.9	3.94E-02
291	3.76E-02
291.1	3.70E-02
291.2	3.52E-02
291.3	3.46E-02
291.4	3.28E-02
291.5	3.22E-02
291.6	3.03E-02
291.7	2.97E-02
291.8	2.79E-02
291.9	2.79E-02
292	2.73E-02
292.1	2.48E-02
292.2	2.30E-02
292.3	2.24E-02
292.4	2.06E-02
292.5	1.99E-02
292.6	1.81E-02
292.7	1.75E-02
292.8	1.56E-02
292.9	1.50E-02
293	1.31E-02
293.1	1.31E-02
293.2	1.25E-02
293.3	9.40E-03
293.4	8.15E-03
293.5	7.53E-03
293.6	5.65E-03
293.7	5.02E-03
293.8	3.14E-03
293.9	2.52E-03
294	6.30E-04
294.1	0.00E+00
294.2	0.00E+00
294.3	-1.89E-03
294.4	-3.15E-03
294.5	-5.68E-03
294.6	-6.95E-03
294.7	-7.59E-03
294.8	-9.49E-03
294.9	-1.01E-02
295	-1.20E-02
295.1	-1.27E-02
295.2	-1.46E-02
295.3	-1.59E-02
295.4	-1.59E-02
295.5	-1.72E-02
295.6	-1.97E-02
295.7	-2.10E-02
295.8	-2.23E-02
295.9	-2.36E-02
296	-2.49E-02
296.1	-2.62E-02
296.2	-2.74E-02
296.3	-2.87E-02
296.4	-3.00E-02
296.5	-3.13E-02
296.6	-3.13E-02
296.7	-3.26E-02
296.8	-3.52E-02
296.9	-3.65E-02
297	-3.78E-02
297.1	-3.91E-02
297.2	-3.98E-02
297.3	-4.11E-02
297.4	-4.24E-02
297.5	-4.37E-02
297.6	-4.50E-02
297.7	-4.63E-02
297.8	-4.63E-02
297.9	-4.77E-02
298	-5.03E-02
298.1	-5.16E-02
298.2	-5.29E-02
298.3	-5.42E-02
298.4	-5.56E-02
298.5	-5.69E-02
298.6	-5.82E-02
298.7	-5.95E-02
298.8	-6.09E-02
298.9	-6.09E-02
299	-6.22E-02
299.1	-6.35E-02
299.2	-6.22E-02
299.3	-6.09E-02
299.4	-5.95E-02
299.5	-5.82E-02
299.6	-5.69E-02
299.7	-5.56E-02
299.8	-5.42E-02
299.9	-5.29E-02
300	-5.16E-02
300.1	-5.16E-02
300.2	-5.03E-02
300.3	-4.77E-02
300.4	-4.63E-02
300.5	-4.50E-02
300.6	-4.37E-02
300.7	-4.24E-02
300.8	-4.11E-02
300.9	-3.98E-02
301	-3.85E-02
301.1	-3.72E-02
301.2	-3.59E-02
301.3	-3.59E-02
301.4	-3.46E-02
301.5	-3.20E-02
301.6	-3.07E-02
301.7	-2.94E-02
301.8	-2.81E-02
301.9	-2.68E-02
302	-2.55E-02
302.1	-2.42E-02
302.2	-2.29E-02
302.3	-2.16E-02
302.4	-2.16E-02
302.5	-2.04E-02
302.6	-1.91E-02
302.7	-1.65E-02
302.8	-1.52E-02
302.9	-1.40E-02
303	-1.27E-02
303.1	-1.14E-02
303.2	-1.01E-02
303.3	-8.86E-03
303.4	-7.59E-03
303.5	-6.32E-03
303.6	-6.32E-03
303.7	-5.05E-03
303.8	-2.52E-03
303.9	-1.26E-03
304	0.00E+00
304.1	1.26E-03
304.2	2.52E-03