0	0
0.101	-0.10908
0.215	-0.2322
0.324	-0.34992
0.425	-0.459
0.527	-0.56916
0.632	-0.68256
0.738	-0.79704
0.846	-0.91368
0.955	-1.0314
1.066	-1.08
1.178	-1.08
1.292000001	-1.08
1.408000001	-1.08
1.524000001	-1.08
1.643000001	-1.08
1.763000001	-1.08
1.885000001	-1.08
2.007000001	-1.08
2.107000001	-1.08
2.207000001	-1.08
2.309000001	-1.08
2.411000001	-1.08
2.514000001	-1.08
2.619000001	-1.08
2.724000001	-1.08
2.830000001	-1.08
2.937000001	-1.08
3.045000001	-1.08
3.154000001	-1.08
3.264000001	-1.08
3.375000001	-1.08
3.488000001	-1.08
3.601000001	-1.08
3.716000001	-1.08
3.830000001	-1.08
3.947000001	-1.08
4.063000001	-1.08
4.181000001	-1.08
4.301000001	-1.08
4.421000001	-1.08
4.542000001	-1.08
4.664000001	-1.08
4.788000001	-1.08
4.911000001	-1.08
5.036000001	-1.08
5.163000001	-1.08
5.291000001	-1.08
5.420000001	-1.08
5.550000001	-1.08
5.680000001	-1.08
5.812000001	-1.08
5.912000001	-1.08
6.013000001	-1.08
6.113000001	-1.08
6.216000002	-1.08
6.318000002	-1.08
6.421000002	-1.08
6.524000002	-1.08
6.628000002	-1.08
6.734000002	-1.08
6.840000002	-1.08
6.946000002	-1.08
7.052000002	-1.08
7.159000002	-1.08
7.267000002	-1.08
7.376000002	-1.08
7.486000002	-1.08
7.596000002	-1.08
7.706000002	-1.08
7.818000002	-1.08
7.930000002	-1.08
8.043000002	-1.08
8.157000002	-1.08
8.271000002	-1.08
8.386000002	-1.08
8.502000002	-1.08
8.619000002	-1.08
8.736000002	-1.08
8.853000002	-1.08
8.972000002	-1.08
9.091000002	-1.08
9.210000002	-1.08
9.332000002	-1.08
9.452000002	-1.08
9.574000002	-1.08
9.696000002	-1.08
9.820000002	-1.08
9.944000002	-1.08
10.068	-1.08
10.195	-1.08
10.321	-1.08
10.448	-1.08
10.577	-1.08
10.706	-1.08
10.836	-1.08
10.966	-1.08
11.095	-1.08
11.226	-1.08
11.359	-1.08
11.491	-1.08
11.625	-1.08
11.76	-1.08
11.897	-1.08
12.032	-1.08
12.17	-1.08
12.308	-1.08
12.447	-1.08
12.587	-1.08
12.728	-1.08
12.868	-1.08
13.011	-1.08
13.154	-1.08
13.298	-1.08
13.443	-1.08
13.587	-1.08
13.734	-1.08
13.88	-1.08
14.027	-1.08
14.175	-1.08
14.322	-1.08
14.422	-1.08
14.523	-1.08
14.624	-1.08
14.725	-1.08
14.827	-1.08
14.929	-1.08
15.031	-1.08
15.134	-1.08
15.236	-1.08
15.339	-1.08
15.443	-1.08
15.547	-1.08
15.652	-1.08
15.757	-1.08
15.863	-1.08
15.968	-1.08
16.074	-1.08
16.18	-1.08
16.288	-1.08
16.396	-1.08
16.504	-1.08
16.612	-1.08
16.72	-1.08
16.829	-1.08
16.938	-1.08
17.048	-1.08
17.159	-1.08
17.27	-1.08
17.383	-1.08
17.494	-1.08
17.606	-1.08
17.719	-1.08
17.832	-1.08
17.945	-1.08
18.059	-1.08
18.173	-1.08
18.287	-1.08
18.402	-1.08
18.518	-1.08
18.635	-1.08
18.752	-1.08
18.869	-1.08
18.986	-1.08
19.103	-1.08
19.222	-1.08
19.341	-1.08
19.461	-1.08
19.581	-1.08
19.702	-1.08
19.822	-1.08
19.943	-1.08
20.065	-1.08
20.187	-1.08
20.31	-1.08
20.432	-1.08
20.555	-1.08
20.68	-1.08
20.805	-1.08
20.929	-1.08
21.055	-1.08
21.182	-1.08
21.308	-1.08
21.433	-1.08
21.56100001	-1.08
21.688	-1.08
21.817	-1.08
21.947	-1.08
22.076	-1.08
22.20400001	-1.08
22.335	-1.08
22.464	-1.08
22.59700001	-1.08
22.728	-1.08
22.86000001	-1.08
22.993	-1.08
23.126	-1.08
23.261	-1.08
23.395	-1.08
23.529	-1.08
23.66400001	-1.08
23.799	-1.08
23.93600001	-1.08
24.073	-1.08
24.21	-1.08
24.349	-1.08
24.488	-1.08
24.62800001	-1.08
24.769	-1.08
24.91	-1.08
25.05200001	-1.08
25.194	-1.08
25.337	-1.08
25.479	-1.08
25.622	-1.08
25.76600001	-1.08
25.91000001	-1.08
26.05600001	-1.08
26.20000001	-1.08
26.34700001	-1.08
26.49500001	-1.08
26.64400001	-1.08
26.79300001	-1.08
26.94200001	-1.08
27.09200001	-1.08
27.24100001	-1.08
27.39100001	-1.08
27.54300001	-1.08
27.69400001	-1.08
27.84500001	-1.08
27.99800001	-1.08
28.15200001	-1.08
28.30600001	-1.08
28.46100001	-1.08
28.61700001	-1.08
28.77300001	-1.08
28.92900001	-1.08
29.08500001	-1.08
29.24500001	-1.08
29.40500001	-1.08
29.56500001	-1.08
29.72400001	-1.08
29.88500001	-1.08
30.04800001	-1.08
30.21000001	-1.08
30.37300001	-1.08
30.53700001	-1.08
30.69900001	-1.08
30.86500001	-1.08
31.03100001	-1.08
31.19600001	-1.08
31.36300001	-1.08
31.53200001	-1.08
31.70000001	-1.08
31.86800001	-1.08
32.03900001	-1.08
32.20900001	-1.08
32.37800001	-1.08
32.55000001	-1.08
32.72300001	-1.08
32.89700001	-1.08
33.07200001	-1.08
33.24700001	-1.08
33.42500001	-1.08
33.60100001	-1.08
33.77800001	-1.08
33.95400001	-1.08
34.13100001	-1.08
34.31300001	-1.08
34.49400001	-1.08
34.67600001	-1.08
34.85900001	-1.08
35.04200001	-1.08
35.22600001	-1.08
35.40900001	-1.08
35.59500001	-1.08
35.78100001	-1.08
35.96900001	-1.08
36.15600001	-1.08
36.34300001	-1.08
36.53400001	-1.08
36.72500001	-1.08
36.91600001	-1.08
37.10700001	-1.08
37.30200001	-1.08
37.49600001	-1.08
37.69100001	-1.08
37.88700001	-1.08
38.08400001	-1.08
38.28400001	-1.08
38.48300001	-1.08
38.58400001	-1.08
38.68400001	-1.08
38.78400001	-1.08
38.88500001	-1.08
38.98700001	-1.08
39.08900001	-1.08
39.19200001	-1.08
39.29300001	-1.08
39.39500001	-1.08
39.49600001	-1.08
39.59900001	-1.08
39.70000001	-1.08
39.80400001	-1.08
39.90700001	-1.08
40.01000001	-1.08
40.11500001	-1.08
40.21900001	-1.08
40.32300001	-1.08
40.42900001	-1.08
40.53500001	-1.08
40.64000001	-1.08
40.74500001	-1.08
40.85000001	-1.08
40.95600001	-1.08
41.06200001	-1.08
41.16700001	-1.08
41.27300001	-1.08
41.38000001	-1.08
41.48800001	-1.08
41.59400001	-1.08
41.70200001	-1.08
41.81100001	-1.08
41.91900001	-1.08
42.02700001	-1.08
42.13600001	-1.08
42.24200001	-1.08
42.35200001	-1.08
42.46300001	-1.08
42.57200001	-1.08
42.68200001	-1.08
42.79200001	-1.08
42.90400001	-1.08
43.01400001	-1.08
43.12500001	-1.08
43.23800001	-1.08
43.34800001	-1.08
43.46200001	-1.08
43.57500001	-1.08
43.68700001	-1.08
43.80100001	-1.08
43.91200001	-1.08
44.02700001	-1.08
44.14000001	-1.08
44.25600001	-1.08
44.37100001	-1.08
44.48600001	-1.08
44.60100001	-1.08
44.71700001	-1.08
44.83300001	-1.08
44.94800001	-1.08
45.06500001	-1.08
45.18100001	-1.08
45.29700001	-1.08
45.41400001	-1.08
45.53200001	-1.08
45.64900001	-1.08
45.76700001	-1.08
45.88500001	-1.08
46.00200001	-1.08
46.12400001	-1.08
46.24300001	-1.08
46.36400001	-1.08
46.48600001	-1.08
46.60700001	-1.08
46.72700001	-1.08
46.84700001	-1.08
46.96800001	-1.08
47.09000001	-1.08
47.21400001	-1.08
47.33700001	-1.08
47.46000001	-1.08
47.58200001	-1.08
47.70500001	-1.08
47.83200001	-1.08
47.95600001	-1.08
48.07900001	-1.08
48.20300001	-1.08
48.32700001	-1.08
48.45300001	-1.08
48.58000001	-1.08
48.70300001	-1.08
48.83100001	-1.08
48.95700001	-1.08
49.08500001	-1.08
49.21300001	-1.08
49.34200001	-1.08
49.47100001	-1.08
49.60000001	-1.08
49.73100001	-1.08
49.86000001	-1.08
49.98900001	-1.08
50.12100001	-1.08
50.25100001	-1.08
50.38400001	-1.08
50.51600001	-1.08
50.64900001	-1.08
50.78000001	-1.08
50.91200001	-1.08
51.04300001	-1.08
51.17800001	-1.08
51.31300001	-1.08
51.44500001	-1.08
51.58000001	-1.08
51.71700001	-1.08
51.85200001	-1.08
51.99200001	-1.08
52.12800001	-1.08
52.26600001	-1.08
52.40300001	-1.08
52.54000001	-1.08
52.68000001	-1.08
52.81600001	-1.08
52.95700001	-1.08
53.09900001	-1.08
53.24000001	-1.08
53.38000001	-1.08
53.52000001	-1.08
53.66100001	-1.08
53.80200001	-1.08
53.94400001	-1.08
54.08900001	-1.08
54.23100001	-1.08
54.37400001	-1.08
54.51900001	-1.08
54.66200001	-1.08
54.80700001	-1.08
54.95100001	-1.08
55.09600001	-1.08
55.24200001	-1.08
55.38700001	-1.08
55.53300001	-1.08
55.68000001	-1.08
55.82900001	-1.08
55.97600001	-1.08
56.12400001	-1.08
56.27300001	-1.08
56.42500001	-1.08
56.57500001	-1.08
56.72500001	-1.08
56.87300001	-1.08
57.02600001	-1.08
57.17900001	-1.08
57.33100001	-1.08
57.48700001	-1.08
57.64300001	-1.08
57.79700001	-1.08
57.95100001	-1.08
58.10800001	-1.08
58.26200001	-1.08
58.41900001	-1.08
58.57500001	-1.08
58.73400001	-1.08
58.89100001	-1.08
59.04600001	-1.08
59.20400001	-1.08
59.36400001	-1.08
59.52300001	-1.08
59.68300001	-1.08
59.84400001	-1.08
60.00700001	-1.08
60.16800001	-1.08
60.33200001	-1.08
60.49600001	-1.08
60.66100001	-1.08
60.82600001	-1.08
60.98900001	-1.08
61.15300001	-1.08
61.32000001	-1.08
61.48500001	-1.08
61.65100001	-1.08
61.81800001	-1.08
61.99000001	-1.08
62.15900001	-1.08
62.33100001	-1.08
62.50300001	-1.08
62.67300001	-1.08
62.84400001	-1.08
63.01800001	-1.08
63.19300001	-1.08
63.36600001	-1.08
63.54100001	-1.08
63.71500001	-1.08
63.89300001	-1.08
64.07000001	-1.08
64.24700001	-1.08
64.42600001	-1.08
64.60800001	-1.08
64.78900001	-1.08
64.96900001	-1.08
65.14800001	-1.08
65.33200001	-1.08
65.51400001	-1.08
65.69900001	-1.08
65.88100001	-1.08
66.06500001	-1.08
66.25100001	-1.08
66.43400001	-1.08
66.62300001	-1.08
66.81000001	-1.08
67.00100001	-1.08
67.19000001	-1.08
67.38100001	-1.08
67.56900001	-1.08
67.76200001	-1.08
67.95400001	-1.08
68.14400001	-1.08
68.33800001	-1.08
68.53100001	-1.08
68.72600001	-1.08
68.92100001	-1.08
69.11900001	-1.08
69.31800001	-1.08
69.51600001	-1.08
69.71800001	-1.08
69.91700001	-1.08
70.11700001	-1.08
70.32100001	-1.08
70.51900001	-1.08
70.72300001	-1.08
70.92800002	-1.08
71.13300002	-1.08
71.33900001	-1.08
71.54700001	-1.08
71.75600001	-1.08
71.96200001	-1.08
72.17300002	-1.08
72.38000001	-1.08
72.59300002	-1.08
72.80400001	-1.08
73.01700002	-1.08
73.23200001	-1.08
73.44800001	-1.08
73.66200001	-1.08
73.88100001	-1.08
74.09800001	-1.08
74.31700001	-1.08
74.53400001	-1.08
74.75600001	-1.08
74.97500002	-1.08
75.19900002	-1.08
75.42300002	-1.08
75.64800002	-1.08
75.87500002	-1.08
76.10200002	-1.08
76.32800002	-1.08
76.55700002	-1.08
76.78600002	-1.08
77.01900002	-1.08
77.25200002	-1.08
77.48800002	-1.08
77.72300002	-1.08
77.95800002	-1.08
78.19600002	-1.08
78.43200002	-1.08
78.67100002	-1.08
78.90900002	-1.08
79.15400002	-1.08
79.39600002	-1.08
79.64100002	-1.08
79.88700002	-1.08
80.13900002	-1.08
80.38700002	-1.08
80.63600002	-1.08
80.88700002	-1.08
81.13600002	-1.08
81.39200002	-1.08
81.64600002	-1.08
81.90100002	-1.08
82.16200002	-1.08
82.41700002	-1.08
82.67700002	-1.08
82.93800002	-1.08
83.19800002	-1.08
83.46500002	-1.08
83.73400002	-1.08
84.00100002	-1.08
84.27000002	-1.08
84.53900002	-1.08
84.80700002	-1.08
85.08100002	-1.08
85.35500002	-1.08
85.62900002	-1.08
85.90400002	-1.08
86.18300002	-1.08
86.46600002	-1.08
86.74200002	-1.08
87.02400002	-1.08
87.30700002	-1.08
87.59200002	-1.08
87.88000002	-1.08
88.17100002	-1.08
88.46100002	-1.08
88.75200002	-1.08
89.04600002	-1.08
89.34300002	-1.08
89.64600002	-1.08
89.94500002	-1.08
90.24900002	-1.08
90.55100002	-1.08
90.85500002	-1.08
91.16300002	-1.08
91.47200002	-1.08
91.77700002	-1.08
92.09300002	-1.08
92.41000002	-1.08
92.72900002	-1.08
93.04800002	-1.08
93.37100002	-1.08
93.69800002	-1.08
94.02400002	-1.08
94.35000002	-1.08
94.67500002	-1.08
95.00200002	-1.08
95.33900002	-1.08
95.67400002	-1.08
96.01300002	-1.08
96.35500002	-1.08
96.69400002	-1.08
97.04300002	-1.08
97.39000002	-1.08
97.74300002	-1.08
98.09400002	-1.08
98.44800002	-1.08
98.80400002	-1.08
99.16200002	-1.08
99.52200002	-1.08
99.88000002	-1.08
100.25	-1.08
100.616	-1.08
100.983	-1.08
101.362	-1.08
101.737	-1.08
102.108	-1.08
102.491	-1.08
102.868	-1.08
103.257	-1.08
103.645	-1.08
104.032	-1.08
104.434	-1.08
104.831	-1.08
105.237	-1.08
105.648	-1.08
106.063	-1.08
106.476	-1.08
106.889	-1.08
107.306	-1.08
107.733	-1.08
108.157	-1.08
108.588	-1.08
109.027	-1.08
109.457	-1.08
109.898	-1.08
110.342	-1.08
110.791	-1.08
111.243	-1.08
111.697	-1.08
112.16	-1.08
112.628	-1.08
113.094	-1.08
113.576	-1.08
114.049	-1.08
114.524	-1.08
115.007	-1.08
115.49	-1.08
115.98	-1.08
116.476	-1.08
116.981	-1.08
117.489	-1.08
118.006	-1.08
118.523	-1.08
119.05	-1.08
119.575	-1.08
120.101	-1.08
120.637	-1.08
121.176	-1.08
121.727	-1.08
122.282	-1.08
122.846	-1.08
123.409	-1.08
123.968	-1.08
124.548	-1.08
125.137	-1.08
125.722	-1.08
126.326	-1.08
126.927	-1.08
127.527	-1.08
128.14	-1.08
128.765	-1.08
129.403	-1.08
130.039	-1.08
130.679	-1.08
131.316	-1.08
131.97	-1.08
132.63	-1.08
133.312	-1.08
133.997	-1.08
134.673	-1.08
135.366	-1.08
136.064	-1.08
136.781	-1.08
137.5	-1.08
138.245	-1.08
138.991	-1.08
139.746	-1.08
140.509	-1.08
141.294	-1.08
142.073	-1.08
142.86	-1.08
143.677	-1.08
144.497	-1.08
145.32	-1.08
146.161	-1.08
147.023	-1.08
147.906	-1.08
148.795	-1.08
149.69	-1.08
150.607	-1.08
151.542	-1.08
152.486	-1.08
153.449	-1.08
154.413	-1.08
155.407	-1.08
156.415	-1.08
157.432	-1.08
158.471	-1.08
159.531	-1.08
160.619	-1.08
161.728	-1.08
162.856	-1.08
164.006	-1.08
165.156	-1.08
166.34	-1.08
167.546	-1.08
168.774	-1.08
170.02	-1.08
171.315	-1.08
172.659	-1.08
173.983	-1.08
175.364	-1.08
176.79	-1.08
178.245	-1.08
179.711	-1.08
181.23	-1.08
182.811	-1.08
184.411	-1.08
186.053	-1.08
187.735	-1.08
189.468	-1.08
191.243	-1.08
193.067	-1.08
194.994	-1.08
196.966	-1.08
198.788	-1.08
200.853	-1.08
203.016	-1.08
205.26	-1.08
207.534	-1.08
209.936	-1.08
212.484	-1.08
215.115	-1.08
217.859	-1.08
220.73	-1.08
223.712	-1.08
226.767	-1.08
230.048	-1.08
233.571	-1.08
237.273	-1.08
241.213	-1.08
245.4320001	-1.08
249.8700001	-1.08
254.7110001	-1.08
259.8810001	-1.08
265.5920001	-1.08
271.8020001	-1.08
278.8420001	-1.08
286.4270001	-1.08
295.3060001	-1.08
306.3870001	-1.08
320.7120001	-1.08
341.2210001	-1.08
