0	112.499965
0.107	111.778991
0.214	112.139367
0.321	111.888412
0.428	112.613986
0.534	112.386174
0.641	112.78756
0.747	112.957442
0.853	113.020211
0.958	114.096952
1.064	113.231368
1.17	113.478705
1.275	114.154491
1.379	115.191103
1.484	114.328492
1.589	114.742814
1.693	115.325054
1.797	115.687503
1.9	116.024185
2.004	115.662971
2.108	114.908739
2.211000001	116.42717
2.315000001	116.102764
2.418000001	116.354934
2.519000001	118.337696
2.622000001	117.31385
2.725000001	116.111751
2.827000001	117.611646
2.928000001	118.247891
3.030000001	118.23742
3.131000001	118.694685
3.232000001	118.786345
3.333000001	119.09284
3.433000001	119.991931
3.533000001	119.387883
3.633000001	120.500408
3.734000001	119.314271
3.841000001	120.777772
3.941000001	119.91519
4.049000001	120.729541
4.157000001	120.432036
4.257000001	120.228765
4.363000001	121.694702
4.469000001	122.794757
4.576000001	121.711792
4.682000001	122.552832
4.788000001	122.362485
4.894000001	122.777375
5.000000001	122.675404
5.106000001	122.599062
5.212000001	123.066772
5.317000001	123.851147
5.423000001	123.086595
5.528000001	123.811042
5.632000001	124.148019
5.737000001	124.366553
5.842000001	124.00946
5.946000001	124.931873
6.049000001	125.339003
6.153000001	125.109832
6.257000001	125.449068
6.360000001	125.860785
6.464000001	125.397035
6.567000001	125.58116
6.671000001	125.291906
6.775000001	125.786513
6.877000001	127.247976
6.979000001	127.099945
7.082000002	126.670205
7.184000002	126.500106
7.286000002	127.621486
7.388000002	127.376412
7.490000002	127.517599
7.593000002	126.790041
7.695000002	127.133489
7.797000002	127.009296
7.898000002	129.023646
8.000000002	127.104915
8.102000002	127.98839
8.204000002	127.702975
8.305000002	128.229519
8.407000002	127.491321
8.508000002	128.397963
8.609000002	129.173644
8.710000002	128.185265
8.811000002	129.655473
8.911000002	129.408957
9.013000002	127.528857
9.114000002	128.890606
9.214000002	129.593433
9.315000002	129.058246
9.416000002	128.20674
9.518000002	128.491875
9.618000002	129.258412
9.719000002	129.140281
9.820000002	128.597372
9.921000002	129.024926
10.021	129.325278
10.121	130.217822
10.222	128.764234
10.323	128.63044
10.424	129.151828
10.524	129.387077
10.625	129.509515
10.732	130.062328
10.833	128.686465
10.934	128.602445
11.035	129.442475
11.135	129.342005
11.235	129.891249
11.336	129.108217
11.437	129.258428
11.537	129.106935
11.637	129.781027
11.737	130.455649
11.838	129.26998
11.938	129.494034
12.039	128.430943
12.141	127.998456
12.241	129.517273
12.343	127.719285
12.444	128.812717
12.545	128.173875
12.647	127.740635
12.749	127.714266
12.851	126.730712
12.953	128.363716
13.055	126.549363
13.158	126.762826
13.261	126.188217
13.363	127.200679
13.466	126.412754
13.569	125.977888
13.672	126.058513
13.775	126.356249
13.878	126.455792
13.981	125.639417
14.085	125.507203
14.188	125.765826
14.292	125.618778
14.396	124.847887
14.5	124.989529
14.604	125.360759
14.708	124.132608
14.813	123.816938
14.919	123.722668
15.024	123.398548
15.129	123.723845
15.236	121.919524
15.342	122.59675
15.448	122.6592
15.554	122.254332
15.661	121.903533
15.767	122.408572
15.873	121.919539
15.973	120.759912
16.08	121.356164
16.187	121.189861
16.287	120.738041
16.395	120.28272
16.502	120.891196
16.602	119.598493
16.703	119.693913
16.803	119.717795
16.903	119.481778
17.004	119.360571
17.105	118.640704
17.206	119.201691
17.308	117.814858
17.411	116.632003
17.512	117.854199
17.614	118.146619
17.717	116.88648
17.819	116.814782
17.923	116.116245
18.026	116.514229
18.129	115.625079
18.234	115.226497
18.337	115.601688
18.441	115.461539
18.546	114.557693
18.651	114.799895
18.755	114.746106
18.861	113.540994
18.966	113.56247
19.073	113.145957
19.179	113.038296
19.285	112.835284
19.392	112.665795
19.499	111.866521
19.605	112.793921
19.713	111.736317
19.82	111.538987
19.928	111.663535
20.035	111.843583
20.143	111.053823
20.251	111.527584
20.359	110.467027
20.459	110.644254
20.559	110.019006
20.668	110.185047
20.768	109.967326
20.868	109.580608
20.969	108.535075
21.071	108.37042
21.172	108.302121
21.273	109.104565
21.375	108.375746
21.476	108.275483
21.578	107.840256
21.68	107.918561
21.78300001	107.324691
21.88400001	108.111601
21.98700001	107.252499
22.09000001	106.610092
22.19300001	106.849321
22.29500001	107.707223
22.39800001	107.42952
22.50100001	106.387377
22.60400001	107.338318
22.70700001	106.787084
22.81	105.985571
22.91400001	105.654725
23.01800001	105.839744
23.12200001	105.633418
23.22600001	105.765455
23.33100001	105.628346
23.435	105.355192
23.53900001	105.47642
23.64400001	104.819094
23.74900001	105.068392
23.85500001	103.91112
23.95900001	105.505758
24.06400001	104.340852
24.16900001	105.596912
24.27400001	104.088108
24.38000001	104.522287
24.48500001	104.392343
24.59100001	104.160058
24.69600001	104.572964
24.801	104.86406
24.906	104.079244
25.01300001	103.501442
25.118	104.215308
25.22400001	104.375517
25.32900001	103.827739
25.435	104.572964
25.54	103.979877
25.64600001	104.470668
25.752	103.847356
25.857	104.634637
25.96300001	103.552108
26.069	104.116679
26.174	104.092035
26.28000001	104.099928
26.386	103.708315
26.49200001	103.99069
26.598	104.048713
26.70400001	103.543347
26.80900001	104.181749
26.91500001	103.755281
27.02100001	104.185696
27.12700001	103.548221
27.23200001	104.555072
27.33800001	104.418108
27.44400001	103.518987
27.54900001	104.564017
27.65500001	104.126535
27.76000001	104.581912
27.86600001	103.962188
27.97100001	104.591856
28.07600001	104.490516
28.18100001	104.803127
28.28700001	104.176816
28.39300001	104.019208
28.49700001	104.86406
28.60200001	105.032275
28.70700001	104.9371
28.81200001	104.500442
28.91700001	105.311821
29.02100001	105.356202
29.12500001	105.566523
29.22900001	106.182001
29.33300001	105.28259
29.43700001	106.079603
29.54100001	106.102113
29.64500001	105.905979
29.74700001	107.44
29.85000001	106.791231
29.95200001	107.558726
30.05500001	107.210686
30.15800001	106.579117
30.26100001	107.384424
30.36300001	107.261899
30.46500001	107.553468
30.56700001	107.932327
30.66900001	108.1456
30.77100001	107.764203
30.87300001	108.428104
30.97400001	108.315984
31.07600001	108.090354
31.17700001	108.885314
31.27700001	109.823486
31.37700001	109.605721
31.47700001	110.010217
31.57800001	109.734744
31.67800001	109.861876
31.78600001	110.481266
31.88600001	110.460926
31.98600001	110.355663
32.09400001	110.618755
32.19400001	110.427659
32.30200001	111.202029
32.40900001	111.972979
32.51600001	112.058734
32.62400001	111.242233
32.73100001	111.447828
32.83800001	112.258959
32.94500001	112.648859
33.05100001	113.485158
33.15700001	112.693291
33.26300001	113.570007
33.36800001	113.694813
33.47300001	114.421154
33.57800001	114.420076
33.68300001	114.567537
33.78700001	114.644155
33.89200001	115.24531
33.99600001	114.42444
34.10000001	115.686387
34.20300001	116.459952
34.30600001	116.225335
34.41000001	116.308682
34.51200001	117.216446
34.61500001	116.986757
34.71700001	117.517199
34.81900001	117.589734
34.92000001	118.204809
35.02200001	118.183839
35.12400001	117.697008
35.22400001	119.198124
35.32500001	118.875777
35.42600001	119.136587
35.52600001	119.667653
35.62700001	119.658122
35.72700001	119.477019
35.82700001	120.362622
35.93500001	120.512419
36.03500001	119.985932
36.14200001	120.544812
36.24200001	121.031521
36.34800001	122.394757
36.45400001	121.871534
36.56100001	122.470845
36.66800001	121.411701
36.77400001	122.055743
36.88000001	122.475474
36.98600001	123.164713
37.09200001	122.655742
37.19800001	122.987601
37.30300001	122.958534
37.40800001	124.223944
37.51300001	123.368086
37.61800001	124.043775
37.72200001	124.573933
37.82700001	123.982258
37.93100001	125.525381
38.03600001	123.612083
38.14000001	125.411552
38.24300001	125.598146
38.34700001	124.861077
38.45100001	124.97511
38.55500001	125.247228
38.65900001	125.673425
38.76200001	126.054846
38.86400001	126.646743
38.96700001	126.117214
39.07000001	126.421374
39.17200001	127.492572
39.27400001	127.558874
39.37600001	127.194456
39.47800001	127.341476
39.58100001	127.044035
39.68400001	126.244587
39.78600001	126.792514
39.88800001	127.265416
39.99000001	127.877584
40.09300001	126.808592
40.19500001	127.238028
40.29600001	128.257336
40.39800001	127.885147
40.50000001	127.357678
40.60100001	128.766768
40.70200001	128.543966
40.80300001	128.229503
40.90400001	128.903387
41.00500001	128.400499
41.10700001	128.59354
41.20800001	128.687755
41.30800001	128.977563
41.41000001	127.90023
41.51100001	129.232729
41.61100001	128.949417
41.71300001	128.245948
41.81400001	128.396694
41.91500001	128.582093
42.01600001	128.82036
42.11600001	129.557287
42.21800001	128.093047
42.31800001	129.271266
42.41900001	129.232729
42.52100001	127.917849
42.62100001	129.322705
42.72200001	128.549051
42.82300001	128.603717
42.92400001	128.77187
43.02500001	129.590849
43.12500001	129.607645
43.22600001	129.099242
43.32800001	127.220596
43.42900001	128.877829
43.53000001	128.104423
43.63100001	128.986521
43.73200001	128.242153
43.83400001	127.28163
43.93600001	128.538867
44.03700001	127.963194
44.13900001	127.291585
44.24100001	127.41886
44.34300001	127.351456
44.44600001	126.86055
44.54800001	127.005574
44.65100001	126.17352
44.75500001	125.799888
44.85700001	126.828387
44.95900001	127.148426
45.06200001	126.729461
45.16500001	126.285057
45.26900001	125.268952
45.37200001	125.863237
45.47600001	124.913866
45.57900001	126.186992
45.68300001	125.562966
45.78700001	124.658732
45.89100001	125.220686
45.99500001	124.585857
46.09900001	124.389162
46.20400001	124.223944
46.30900001	124.471341
46.41400001	123.752112
46.51800001	124.007108
46.62400001	123.696768
46.72900001	123.093573
46.83500001	122.361348
46.94200001	121.987023
47.04800001	122.406282
47.15500001	122.051159
47.26100001	122.400505
47.36700001	122.185389
47.47500001	121.074734
47.58200001	121.069096
47.68200001	120.215516
47.79000001	120.571658
47.89800001	120.518005
47.99800001	118.932315
48.09900001	119.856502
48.19900001	119.809832
48.29900001	120.037542
48.39900001	119.748857
48.50000001	118.543442
48.60100001	118.872229
48.70200001	118.655954
48.80400001	118.236255
48.90500001	118.550454
49.00600001	118.271215
49.10800001	117.665848
49.21000001	117.707384
49.31200001	117.577075
49.41600001	116.173576
49.51800001	116.693249
49.62200001	115.386044
49.72600001	116.018576
49.83000001	115.546033
49.93300001	115.963639
50.03800001	114.726359
50.14200001	114.850437
50.24700001	114.341565
50.35200001	114.384085
50.45800001	113.200379
50.56400001	113.537771
50.67000001	113.380064
50.77700001	112.324107
50.88300001	112.471482
50.99000001	112.641471
51.09700001	112.314646
51.20400001	112.114222
51.31100001	112.065
51.41800001	111.680163
51.52600001	111.042532
51.63400001	111.23089
51.73400001	110.371151
51.84200001	110.774991
51.94200001	109.745692
52.04200001	110.698814
52.14200001	109.75337
52.24200001	109.998103
52.34200001	109.596984
52.44200001	109.906881
52.54300001	109.545687
52.64400001	109.130543
52.74400001	109.055876
52.84700001	107.765258
52.94800001	108.216883
53.04900001	108.867007
53.15200001	107.417967
53.25400001	107.673486
53.35600001	107.628171
53.45900001	107.177259
53.56200001	106.805747
53.66400001	107.051051
53.76600001	107.696665
53.86900001	107.127158
53.97100001	107.472555
54.07400001	106.874236
54.17800001	106.677296
54.28100001	106.760137
54.38300001	106.882543
54.48700001	105.781729
54.59100001	106.121562
54.69500001	105.90394
54.79800001	106.762209
54.90200001	106.02439
55.00600001	105.730891
55.11000001	105.508794
55.21400001	105.908019
55.31800001	105.206062
55.42300001	105.24834
55.52700001	105.652695
55.63200001	104.480591
55.73700001	105.538163
55.84100001	105.486534
55.94600001	105.07341
56.05000001	105.485523
56.15500001	104.84407
56.26000001	104.835077
56.36500001	104.030029
56.47100001	104.536194
56.57600001	104.308201
56.68200001	104.136392
56.78700001	104.62767
56.89300001	103.689741
56.99900001	104.205448
57.10400001	104.342832
57.21000001	104.0684
57.31500001	104.132449
57.42000001	104.878057
57.52600001	103.982814
57.63200001	103.949416
57.73700001	104.064462
57.84300001	104.713325
57.94900001	103.777795
58.05500001	103.485862
58.16100001	103.957263
58.26600001	104.102884
58.37300001	103.32159
58.47800001	104.896072
58.58300001	104.48456
58.68800001	104.159059
58.79500001	103.490743
58.90000001	104.420091
59.00500001	104.47166
59.11000001	104.736257
59.21500001	104.757203
59.32100001	104.574965
59.42600001	103.979865
59.53200001	104.462731
59.63700001	104.55906
59.74200001	104.84407
59.84700001	104.882057
59.95100001	105.26647
60.05500001	105.822435
60.16000001	104.428021
60.26400001	106.442982
60.36800001	105.301739
60.47200001	106.39871
60.57500001	106.572921
60.67900001	106.046877
60.78200001	106.420326
60.88500001	106.663848
60.98800001	106.950091
61.09100001	106.718707
61.19400001	107.222182
61.29600001	107.404333
61.39900001	107.122985
61.50200001	106.438862
61.60500001	106.969839
61.70700001	107.586078
61.80900001	108.22222
61.91000001	108.176443
62.01300001	107.491458
62.11400001	108.226466
62.21600001	108.276535
62.31700001	108.771198
62.41800001	108.933837
62.51900001	108.932759
62.62000001	109.164117
62.72100001	109.098059
62.82100001	109.487898
62.92200001	109.538051
63.03000001	110.37152
63.13000001	110.383334
63.23000001	110.016805
63.33900001	110.505683
63.44600001	111.276274
63.54600001	110.674311
63.65300001	111.730075
63.76100001	111.578384
63.86800001	111.964634
63.97500001	111.897815
64.08200001	112.078606
64.18900001	112.093277
64.29600001	112.885172
64.40200001	112.84803
64.50700001	113.805873
64.61200001	114.385161
64.71700001	114.239243
64.82300001	113.436882
64.92800001	114.58504
65.03300001	114.512872
65.13700001	114.664969
65.24200001	115.003432
65.34600001	115.010045
65.44900001	115.823729
65.55300001	115.460428
65.65600001	116.807974
65.76000001	115.841619
65.86300001	115.848329
65.96600001	117.311542
66.06700001	118.066412
66.16900001	117.632384
66.27100001	118.125685
66.37200001	118.405405
66.47400001	117.803293
66.57600001	118.231595
66.67600001	119.421136
66.77600001	119.977534
66.87600001	120.280585
66.97600001	120.332448
67.08400001	120.032834
67.18400001	119.297665
67.29200001	121.266734
67.40000001	120.283833
67.50700001	120.879969
67.61400001	121.952692
67.72100001	121.228285
67.82800001	121.41282
67.93500001	121.381093
68.04200001	121.84412
68.14800001	122.483537
68.25400001	123.136714
68.35900001	123.212588
68.46500001	122.584019
68.57100001	123.44306
68.67600001	122.858598
68.78200001	122.749538
68.88700001	123.92789
68.99200001	123.768606
69.09700001	124.376072
69.20100001	124.478492
69.30600001	124.052075
69.41000001	125.469636
69.51400001	124.594215
69.61700001	126.270337
69.71900001	126.685017
69.82300001	125.645489
69.92600001	126.409066
70.02900001	126.092748
70.13200001	125.904683
70.23400001	126.954721
70.33800001	125.835201
70.44000001	127.321521
70.54200001	127.134748
70.64500001	126.370973
70.74700001	127.01426
70.84900001	127.492572
70.95200002	126.4718
71.05400001	127.670383
71.15600002	127.03162
71.25700001	128.8919
71.35800002	128.457578
71.46000001	128.185265
71.56100002	128.295308
71.66300002	127.887648
71.76400002	127.98083
71.86600002	128.267459
71.96600002	129.108217
72.06700002	128.619002
72.16800002	129.036453
72.26900002	129.078733
72.36900002	129.638681
72.47000002	128.555391
72.57100002	129.228859
72.67200002	129.181346
72.77200002	128.76806
72.87300001	129.136432
72.97400002	129.291836
73.07400001	129.369035
73.17500002	129.276424
73.27600002	128.56429
73.37600002	129.75512
73.47600002	129.512096
73.57800002	128.184001
73.67900001	129.040295
73.78600001	130.168745
73.88700002	128.432196
73.98700001	129.880867
74.08700002	130.095327
74.18900002	128.254821
74.28900002	129.024926
74.39000002	129.213445
74.49100002	128.902109
74.59200001	128.729807
74.69400002	127.89268
74.79500001	128.170084
74.89500002	129.31243
74.99700002	128.460116
75.09800002	128.54268
75.19900001	128.282648
75.30100002	127.975791
75.40200001	128.980122
75.50400002	127.203168
75.60600002	127.269154
75.70800001	127.670383
75.80900002	128.371321
75.91100002	127.388894
76.01300002	127.149654
76.11600002	126.988205
76.21800002	127.108628
76.32100002	126.697364
76.42300002	127.132262
76.52600002	125.969343
76.62800002	126.923718
76.73100002	126.569076
76.83300002	127.242994
76.93700002	125.399455
77.04000002	126.237231
77.14300002	126.122108
77.24600002	125.846179
77.35000002	125.084537
77.45500002	124.547661
77.55900002	124.423688
77.66400002	124.087583
77.76800002	124.479684
77.87300002	124.233441
77.97800002	123.867683
78.08300002	123.990535
78.18700002	124.414162
78.29200002	123.468853
78.39800002	123.022517
78.50400002	122.418961
78.61000002	122.580552
78.71700002	122.278481
78.82400002	121.292743
78.93100002	121.215851
79.03800002	122.050013
79.14400002	122.342923
79.25100002	120.965439
79.35100002	120.392812
79.45100002	120.081986
79.55100002	120.125261
79.65100002	120.267324
79.75800002	120.539237
79.85900002	119.403312
79.95900002	119.953548
80.06000002	118.681787
80.16100002	118.476715
80.26200002	118.889895
80.36400002	118.414767
80.46500002	118.315512
80.56700002	118.122197
80.66900002	117.3758
80.77200002	116.981055
80.87400002	116.681902
80.97700002	116.542504
81.08100002	115.982693
81.18400002	116.183699
81.28700002	116.016333
81.39200002	114.591606
81.49700002	114.915327
81.60000002	116.140969
81.70500002	114.227282
81.81000002	114.272967
81.91500002	113.980992
82.02100002	113.493731
82.12700002	113.648525
82.23200002	113.694813
82.33900002	112.634057
82.44600002	112.308339
82.55200002	113.003169
82.65700002	113.666812
82.76500002	111.831075
82.87200002	112.223264
82.97800002	112.317786
83.08600002	111.551429
83.19400002	111.493389
83.30200002	111.184501
83.40900002	111.398168
83.50900002	110.263834
83.60900002	110.331297
83.71700002	110.400967
83.81800002	109.393169
83.91800002	109.486808
84.01900002	109.715043
84.11900002	109.453049
84.22000002	109.509698
84.32000002	109.203118
84.42100002	109.686598
84.52200002	108.381098
84.62300002	108.935995
84.72500002	108.099901
84.82600002	108.772274
84.92800002	108.010739
85.03000002	107.791659
85.13200002	108.061671
85.23400002	107.731485
85.33500002	108.130717
85.43700002	107.846613
85.54000002	106.894994
85.64400002	106.062215
85.74600002	107.753646
85.84900002	107.307939
85.95200002	106.529573
86.05500002	106.63801
86.15900002	106.116443
86.26200002	106.570856
86.36500002	106.36886
86.46900002	106.383275
86.57300002	105.827525
86.67600002	106.476983
86.78000002	105.912098
86.88400002	105.199019
86.98900002	105.488558
87.09300002	105.312829
87.19800002	104.915068
87.30200002	105.672995
87.40700002	105.242298
87.51100002	105.304763
87.61600002	105.234244
87.72000002	105.146729
87.82400002	105.545239
87.93000002	104.573958
88.03500002	104.521307
88.14000002	104.77716
88.24600002	103.879706
88.35000002	105.234256
88.45500002	105.151755
88.56000002	104.224195
88.66500002	104.6914
88.77100002	104.100914
88.87700002	103.972002
88.98300002	103.841461
89.08800002	105.004202
89.19200002	105.063374
89.29800002	104.458775
89.40300002	104.172869
89.50800002	104.890058
89.61400002	103.891492
89.71900002	104.959115
89.82400002	104.71831
89.92800002	105.129646
90.03300002	105.129646
90.13800002	104.435953
90.24400002	104.350763
90.34800002	105.75122
90.45300002	105.05635
90.55800002	104.712328
90.66200002	104.860061
90.76700002	104.916069
90.87200002	105.579695
90.97500002	105.824471
91.08000002	105.392541
91.18400002	105.862153
91.28800002	105.270499
91.39200002	106.07142
91.49600002	105.39759
91.60000002	106.548146
91.70400002	105.708537
91.80700002	106.344192
91.91000002	107.08857
92.01300002	106.518225
92.11600002	106.405914
92.22000002	106.375044
92.32300002	106.561552
92.42600002	107.166817
92.52800002	107.731485
92.63100002	106.932416
92.73300002	107.437902
92.83500002	107.8519
92.93700002	107.71777
93.03900002	108.325584
93.14000002	108.376827
93.24200002	108.339454
93.34300002	108.493339
93.44400002	108.90364
93.54600002	108.311718
93.64700002	108.759368
93.74700002	110.133564
93.84700002	109.964014
93.95500002	110.428398
94.05500002	110.557514
94.16300002	110.592249
94.26300002	110.313594
94.36300002	109.665821
94.47100002	111.139205
94.57900002	111.27937
94.68700002	111.37232
94.79400002	111.85608
94.90200002	111.565949
95.00900002	112.372492
95.11600002	111.972979
95.22200002	112.543224
95.32800002	113.220685
95.43400002	113.467975
95.54000002	112.818311
95.64700002	112.958506
95.75200002	113.873911
95.85700002	114.094796
95.96200002	114.830654
96.06600002	115.420448
96.17100002	114.492114
96.27500002	115.121483
96.37800002	116.653545
96.48200002	115.136946
96.58600002	115.593893
96.68800002	116.924064
96.79100002	116.29517
96.89400002	117.052943
96.99700002	116.683037
97.09900002	117.167219
97.20100002	117.460834
97.30300002	118.173365
97.40500002	117.851899
97.50700002	117.898214
97.60800002	118.671209
97.70800002	119.173265
97.80900002	119.260925
97.91000002	118.998361
98.01000002	120.104821
98.11000002	119.987131
98.21000002	119.709435
98.31800002	120.913698
98.42500002	121.309735
98.53200002	120.590672
98.63900002	122.021373
98.74600002	121.501345
98.85200002	122.355575
98.95800002	123.252306
99.06400002	122.53549
99.17000002	122.625661
99.27500002	123.701476
99.38000002	123.246449
99.48600002	122.989942
99.59100002	124.116016
99.69600002	123.505216
99.80200002	123.155393
99.90600002	124.772395
100.01	124.539309
100.115	124.213261
100.219	124.787965
100.323	125.490242
100.426	125.927855
100.53	125.447858
100.634	124.352277
100.737	126.016966
100.84	125.965681
100.943	126.16126
101.045	127.412616
101.148	126.686252
101.25	127.18573
101.353	126.107426
101.457	126.054846
101.559	126.755426
101.661	127.979555
101.762	127.842388
101.864	127.510079
101.966	128.094325
102.067	128.012336
102.168	128.911056
102.269	128.324436
102.37	129.007017
102.471	129.015963
102.572	128.836973
102.673	128.309237
102.774	128.717045
102.875	128.74383
102.976	128.922562
103.076	129.731812
103.176	129.70463
103.277	129.856217
103.384	130.298374
103.484	129.445037
103.584	130.081024
103.684	130.10965
103.785	129.624446
103.885	129.519838
103.985	130.256964
104.085	129.195468
104.185	129.838076
104.286	129.457927
104.386	130.170882
104.493	130.583981
104.593	130.301354
104.693	129.72275
104.793	130.187828
104.893	130.114859
104.993	130.2113
105.1	130.399105
105.2	130.195652
105.307	130.302012
105.407	130.467432
105.514	130.939387
105.62	131.200743
105.72	130.563086
105.82	129.575365
105.92	129.883462
106.02	130.803493
106.126	131.596618
106.226	130.47267
106.327	129.027488
106.427	129.150545
106.527	129.753825
106.627	130.094025
106.727	129.974379
106.828	129.69169
106.928	129.022365
107.028	130.66676
107.128	129.300838
107.229	129.095412
107.331	128.104407
107.432	128.358662
107.533	128.796111
107.634	128.43981
107.736	128.050164
107.837	127.696718
107.94	127.024173
108.041	128.64955
108.142	128.437272
108.245	126.765314
108.347	126.545652
108.45	126.638122
108.553	126.524729
108.655	126.524729
108.758	126.861788
108.861	126.291191
108.965	124.784372
109.068	126.10865
109.172	125.572669
109.275	125.345045
109.38	124.060347
109.484	125.264124
109.588	124.384402
109.693	123.979908
109.798	124.106537
109.903	123.287358
110.009	123.279174
110.114	123.649721
110.22	122.361334
110.326	122.859759
110.433	121.820129
110.539	122.944579
110.645	122.191117
110.752	121.463883
110.859	121.187587
110.966	121.66509
111.073	121.449131
111.173	120.027937
111.281	120.754212
111.381	119.431833
111.482	119.503195
111.582	119.241964
111.683	118.938209
111.784	118.774573
111.886	118.014161
111.987	119.13777
112.088	118.216454
112.19	117.903991
112.292	117.303529
112.395	116.342525
112.498	116.502903
112.601	116.331247
112.702	117.31191
112.81	116.30569
112.914	115.335016
113.018	115.392701
113.122	115.702003
113.226	114.559881
113.332	113.646359
113.437	113.576456
113.54	114.026481
113.645	114.049239
113.751	113.431521
113.857	113.116081
113.963	113.524868
114.069	112.448309
114.176	112.747291
114.283	111.698875
114.39	111.974024
114.498	111.364052
114.605	111.789404
114.714	110.980914
114.821	111.128899
114.921	110.932135
115.029	110.855835
115.137	110.496525
115.237	110.11372
115.337	110.926542
115.437	109.295346
115.537	110.169965
115.638	109.247585
115.739	109.145689
115.848	109.974
115.949	109.026705
116.049	109.027772
116.151	108.541501
116.252	108.793776
116.352	109.308392
116.454	108.107338
116.556	108.087155
116.657	108.975939
116.759	107.963034
116.861	107.67981
116.963	107.953499
117.065	107.482006
117.168	107.400138
117.271	106.891891
117.373	107.052093
117.476	107.11254
117.579	106.483167
117.682	107.232634
117.785	106.883569
117.888	106.269194
117.992	106.407973
118.095	106.377102
118.199	105.722748
118.303	106.270221
118.406	106.390477
118.51	106.189176
118.613	106.276368
118.716	106.610105
118.82	106.341108
118.924	105.923316
119.028	105.838726
119.131	106.559487
119.235	105.544226
119.338	106.242508
119.443	105.26244
119.547	106.190201
119.651	105.169851
119.755	105.723777
119.859	105.595899
119.964	104.837075
120.069	105.283585
120.173	105.241291
120.277	105.610092
120.381	106.572921
120.485	105.361247
120.59	105.040299
120.694	105.296699
120.799	105.464284
120.903	105.67198
121.007	105.507782
121.111	105.680101
121.215	105.520939
121.32	105.005204
121.424	105.887629
121.529	104.757203
121.633	105.786815
121.737	105.821416
121.84	106.277408
121.944	106.324662
122.047	106.317469
122.151	106.141018
122.254	106.247626
122.358	106.529573
122.461	106.693864
122.564	106.875274
122.667	106.247639
122.77	106.524415
122.873	106.937601
122.976	107.105253
123.079	106.763245
123.181	107.582908
123.284	107.146984
123.386	107.647143
123.488	107.711428
123.59	108.355475
123.691	108.506168
123.793	107.573452
123.895	108.784093
123.996	108.217961
124.097	108.961893
124.198	108.859452
124.299	108.616538
124.4	108.933837
124.501	109.745692
124.601	110.045421
124.709	110.233631
124.809	110.653158
124.917	110.945002
125.025	111.191725
125.125	110.376688
125.232	111.266988
125.332	110.181
125.44	111.300012
125.547	111.997028
125.654	112.353541
125.762	111.40127
125.869	112.412494
125.976	111.854008
126.083	112.412481
126.189	112.774853
126.295	113.079839
126.401	113.833956
126.507	113.173688
126.612	113.646359
126.718	113.774595
126.823	113.912826
126.928	114.552225
127.032	115.379387
127.136	115.019966
127.24	115.813669
127.343	116.366218
127.446	115.872939
127.55	115.871806
127.653	116.209578
127.756	116.506311
127.859	116.352678
127.963	116.202826
128.064	117.792885
128.166	117.649697
128.268	117.894724
128.37	117.522954
128.472	117.714312
128.574	117.857686
128.675	118.736965
128.775	119.582984
128.876	119.49488
128.976	119.561538
129.076	120.435102
129.176	120.107226
129.276	120.119248
129.383	120.759821
129.483	120.990031
129.589	122.014516
129.695	122.372852
129.802	122.105054
129.908	121.889803
130.015	121.695841
130.121	122.433935
130.227	123.122733
130.333	122.896912
130.438	123.179899
130.544	123.548645
130.649	123.652059
130.753	124.585857
130.858	123.403233
130.962	125.343822
131.066	125.126676
131.17	124.591827
131.274	125.545989
131.378	124.921069
131.481	125.545989
131.585	126.073168
131.687	126.92993
131.79	125.955918
131.893	126.613454
131.995	127.22058
132.097	126.951002
132.2	126.39186
132.303	126.543203
132.405	127.067644
132.507	127.388878
132.609	128.295324
132.709	129.117193
132.811	127.687923
132.913	127.82856
133.014	128.254805
133.115	129.632201
133.215	129.008281
133.316	128.663556
133.418	128.476621
133.518	129.559853
133.618	129.447615
133.719	129.363902
133.826	130.94672
133.926	130.107046
134.033	130.501209
134.133	129.98216
134.233	130.259575
134.333	129.685222
134.433	129.796576
134.534	129.44117
134.641	130.396676
134.741	129.72275
134.848	131.122115
134.948	130.281767
135.055	130.527976
135.162	130.88918
135.269	130.727865
135.375	131.465629
135.475	130.33924
135.575	130.100535
135.682	131.097558
135.789	131.147894
135.896	130.580327
136.003	130.9847
136.109	131.557062
136.216	131.208121
136.322	131.711773
136.428	132.403091
136.534	131.36819
136.634	131.202173
136.74	131.384202
136.847	131.213055
136.953	131.777465
137.059	131.820893
137.159	130.741665
137.266	130.677835
137.366	129.908122
137.473	130.592492
137.58	130.895315
137.68	129.978245
137.786	131.602819
137.886	130.791649
137.986	130.014659
138.086	130.216501
138.193	130.243826
138.293	130.698288
138.393	129.949677
138.493	129.739564
138.593	129.864
138.694	128.963488
138.794	129.870487
138.895	128.328236
138.997	127.950599
139.098	128.813978
139.199	128.367518
139.3	128.620258
139.401	129.343292
139.502	127.730579
139.605	127.060192
139.706	127.649055
139.808	127.836087
139.91	127.204397
140.013	127.188234
140.115	126.775188
140.218	126.924957
140.32	126.746775
140.423	126.298537
140.527	125.404293
140.629	126.698583
140.733	125.810845
140.836	125.214656
140.94	125.126676
141.045	124.188343
141.15	124.119572
141.255	123.755646
141.359	124.66828
141.463	125.027996
141.568	124.08403
141.673	123.653235
141.778	123.413762
141.884	123.240607
141.99	122.837688
142.096	122.56092
142.201	123.199729
142.308	121.510417
142.415	121.659397
142.522	121.421892
142.63	120.749726
142.738	120.49343
142.846	120.183738
142.946	120.083188
143.046	120.163753
143.146	120.009931
143.247	118.793386
143.347	119.528192
143.448	118.983022
143.549	118.350534
143.651	118.250222
143.752	117.966581
143.854	118.361025
143.956	117.536767
144.058	117.645069
144.16	117.466569
144.262	117.316144
144.365	116.474633
144.469	116.292916
144.572	115.581646
144.676	115.477094
144.78	115.150204
144.885	115.059655
144.989	114.873525
145.094	114.662791
145.198	114.999009
145.304	113.629154
145.409	113.950686
145.515	113.202514
145.621	113.022327
145.727	113.160895
145.834	112.833162
145.94	112.667897
146.046	113.285885
146.153	111.946864
146.26	112.103735
146.368	111.149499
146.475	112.178154
146.583	111.525498
146.691	111.078508
146.795	111.122738
146.903	111.108321
147.007	110.668744
147.107	110.712184
147.207	109.923356
147.307	109.902489
147.412	110.824084
147.512	110.254992
147.612	109.928849
147.712	109.871752
147.813	108.61009
147.914	109.06777
148.014	109.837742
148.115	109.31381
148.216	108.865917
148.318	108.021346
148.419	108.331999
148.521	108.487976
148.622	108.252027
148.724	108.690577
148.825	108.205187
148.926	109.043984
149.028	108.132843
149.13	107.667162
149.232	108.359732
149.334	107.398041
149.437	107.085442
149.54	106.850359
149.642	107.568179
149.745	106.998986
149.847	107.054164
149.95	107.339366
150.053	106.963598
150.156	106.828567
150.258	107.617641
150.361	106.393564
150.464	107.244121
150.567	107.077103
150.67	106.383262
150.773	106.683516
150.877	106.420326
150.98	106.416195
151.083	106.316441
151.187	106.273301
151.29	106.491401
151.393	106.460495
151.497	105.987614
151.598	106.416195
151.701	106.107231
151.809	107.249448
151.913	106.170714
152.016	107.018765
152.119	106.058124
152.223	105.850947
152.324	106.387377
152.427	106.269194
152.53	106.810933
152.634	106.244547
152.737	106.269194
152.84	106.532668
152.944	106.303072
153.046	107.562933
153.148	107.508254
153.251	106.820268
153.355	106.15637
153.458	107.150115
153.561	106.805734
153.663	106.985457
153.766	107.394895
153.868	107.769482
153.97	107.764189
154.072	108.114789
154.175	106.850346
154.276	108.40031
154.378	107.95775
154.48	107.833913
154.582	108.382153
154.684	107.591339
154.785	108.752903
154.885	109.498797
154.986	109.109963
155.087	109.621013
155.188	108.842218
155.288	109.565327
155.389	109.068852
155.49	109.195529
155.59	109.858585
155.69	110.217431
155.798	110.272124
155.898	109.901377
155.999	109.814715
156.107	110.277191
156.207	111.086734
156.314	111.666653
156.422	111.126841
156.529	111.680163
156.629	110.890758
156.735	112.495733
156.843	111.833147
156.949	112.493637
157.056	112.530546
157.163	112.533712
157.268	113.361869
157.374	113.366139
157.48	113.069184
157.586	113.41757
157.691	114.644155
157.796	114.284939
157.9	115.593893
158.004	115.257486
158.108	114.865828
158.212	115.203267
158.316	115.348319
158.42	115.310647
158.524	115.715392
158.627	116.383146
158.73	116.705719
158.833	116.812522
158.935	117.040371
159.037	117.645084
159.139	117.551721
159.242	117.187829
159.344	117.65199
159.445	118.933494
159.546	118.333013
159.647	119.282264
159.747	119.751247
159.855	120.802449
159.955	119.803851
160.062	121.070224
160.162	120.226356
160.262	119.67004
160.362	120.508879
160.469	121.443444
160.576	120.942946
160.683	121.374279
160.79	122.126848
160.896	122.506622
161.002	123.086581
161.108	122.281917
161.214	122.908546
161.319	122.857423
161.425	123.224253
161.53	123.87475
161.635	123.931434
161.739	124.405828
161.844	123.839348
161.948	125.260503
162.052	125.012366
162.156	125.392197
162.26	125.132698
162.363	125.774328
162.467	125.37043
162.571	124.705369
162.674	125.89249
162.777	126.256847
162.879	128.02871
162.982	125.548414
163.084	127.229296
163.186	127.777031
163.288	127.548877
163.39	127.896455
163.491	128.166293
163.592	128.484239
163.694	128.210549
163.795	128.39541
163.895	129.357449
163.997	128.202947
164.097	129.730517
164.198	129.033891
164.298	129.491455
164.398	130.221735
164.498	130.581447
164.598	129.912017
164.705	130.4781
164.806	129.105653
164.906	129.69169
165.006	129.642543
165.106	130.656254
165.212	131.140523
165.319	131.839513
165.425	131.168798
165.525	130.733776
165.632	130.478085
165.739	131.457004
165.845	130.998182
165.945	130.612934
166.051	132.386831
166.157	131.130697
166.264	131.553338
166.37	131.925251
166.477	131.147894
166.583	131.354632
166.69	131.37064
166.795	132.549759
166.902	131.677071
167.008	131.801052
167.114	131.698129
167.221	131.710519
167.326	132.805007
167.432	132.141917
167.538	131.53727
167.644	132.282991
167.75	131.904105
167.856	132.060895
167.963	131.585486
168.069	131.963785
168.175	131.801052
168.281	131.737785
168.388	131.574372
168.493	132.909652
168.599	132.029744
168.706	131.515044
168.812	130.983474
168.919	131.866833
169.025	131.537286
169.125	130.411154
169.232	130.758374
169.339	130.845157
169.445	131.84448
169.552	130.690019
169.659	131.14791
169.765	132.072092
169.865	129.720161
169.965	129.891249
170.065	130.002958
170.166	129.518547
170.266	129.642543
170.367	128.905959
170.467	129.630908
170.567	129.727912
170.667	129.531452
170.769	128.467733
170.869	129.625738
170.969	129.457927
171.071	128.105685
171.172	128.40302
171.274	127.641535
171.375	128.4817
171.476	128.264928
171.578	128.067825
171.68	127.165824
171.782	127.467586
171.886	125.829111
171.988	127.185745
172.09	126.946028
172.193	126.712183
172.297	125.260488
172.4	125.521745
172.503	125.808425
172.607	125.243608
172.711	125.655189
172.815	124.355846
172.92	123.969252
173.025	124.188343
173.13	123.636771
173.235	123.609732
173.341	123.01671
173.447	122.382068
173.553	122.920153
173.659	121.740273
173.766	122.193428
173.872	122.773882
173.979	121.301811
174.087	120.851862
174.194	121.247506
174.301	121.065699
174.401	120.717393
174.501	119.631863
174.601	119.702271
174.702	119.091658
174.802	119.207597
174.903	119.390244
175.004	118.459172
175.105	118.714662
175.207	118.323679
175.309	117.707384
175.411	117.563252
175.513	117.653143
175.615	117.97006
175.718	116.485954
175.82	117.512582
175.923	116.454301
176.026	116.271493
176.129	116.525543
176.233	115.499323
176.337	115.181152
176.441	115.702003
176.545	115.182257
176.649	114.745009
176.754	114.262087
176.859	115.124796
176.964	113.551724
177.07	113.915002
177.176	113.236698
177.282	112.977635
177.388	113.203596
177.493	113.707741
177.6	112.678477
177.707	112.372492
177.813	112.512623
177.921	111.612632
178.028	112.317799
178.134	112.936167
178.241	111.870692
178.349	110.991179
178.457	111.133029
178.557	110.540849
178.665	110.587153
178.765	110.87511
178.873	110.347161
178.973	110.691002
179.081	110.454825
179.181	110.213014
179.281	109.802671
179.382	109.675662
179.483	108.910109
179.583	109.027772
179.684	109.130543
179.786	108.658368
179.886	109.512968
179.987	109.297531
180.087	109.131612
180.188	109.296432
180.289	108.718508
180.39	108.686295
180.491	108.989963
180.593	108.10415
180.695	107.871996
180.796	108.654075
180.899	107.295392
181	108.556497
181.102	107.822286
181.204	107.505115
181.307	107.661893
181.409	107.396992
181.511	107.424275
181.614	106.924088
181.717	106.759101
181.82	107.67454
181.921	108.241375
182.023	108.115852
182.126	106.970879
182.228	107.408541
182.331	107.434754
182.434	106.680412
182.537	106.871121
182.64	106.659724
182.743	106.651438
182.846	106.834792
182.948	107.337271
183.051	106.862802
183.155	106.469769
183.258	106.432682
183.361	106.933456
183.464	106.538846
183.567	107.219046
183.67	106.189176
183.773	107.406443
183.875	106.930324
183.979	106.745633
184.081	107.051051
184.184	106.740453
184.287	107.169937
184.388	108.36188
184.49	107.880446
184.593	107.06147
184.696	107.296425
184.798	107.484106
184.901	107.337271
185.003	107.587117
185.105	107.124028
185.208	107.291206
185.31	107.585012
185.412	108.52331
185.513	108.517943
185.615	107.910092
185.716	108.296789
185.817	109.036418
185.919	107.65241
186.02	109.083994
186.121	109.027772
186.222	109.319255
186.322	109.685504
186.423	109.367065
186.531	110.349191
186.632	109.622105
186.74	110.49856
186.84	110.26715
186.94	110.194245
187.04	110.132462
187.14	110.325764
187.247	111.245327
187.347	110.643141
187.454	111.655224
187.562	111.421958
187.669	111.678084
187.776	112.931916
187.882	113.111829
187.988	112.620315
188.094	113.32547
188.201	112.095358
188.308	112.29888
188.415	112.413547
188.521	113.325456