0	104.6566
0.105	105.144795
0.209	105.237327
0.314	105.311896
0.418	105.332052
0.523	105.517979
0.627	104.956174
0.731	105.695396
0.835	106.062279
0.938	106.928324
1.041	106.783002
1.144	106.756057
1.247	106.726019
1.35	107.099061
1.452	107.190902
1.555	107.66512
1.658	105.93052
1.761	107.081338
1.863	107.941912
1.965	107.733661
2.067	108.237195
2.168	108.329932
2.27	108.159491
2.372	108.277681
2.473	108.454897
2.573	109.763282
2.674	108.932826
2.775	109.05812
2.875	109.635285
2.976	109.087307
3.076	110.329153
3.184	110.853863
3.292	111.217553
3.4	111.050817
3.508	111.086811
3.616	110.810857
3.716	110.904244
3.823	111.94381
3.929	112.559124
4.036	112.996864
4.142	112.993672
4.248	112.597146
4.354	113.150292
4.46	113.747701
4.565	114.569793
4.67	114.167592
4.774	115.015625
4.878	115.0465
4.983	114.788996
5.086	116.103958
5.19	115.492723
5.294	115.952504
5.397	116.658152
5.499	116.954904
5.601	117.764072
5.704	117.065561
5.807	116.117453
5.91	115.990611
6.013	116.590146
6.116	116.456632
6.219	117.363258
6.322	116.378702
6.425	116.692185
6.528	116.544853
6.63	116.600342
6.733	117.064434
6.836	116.342596
6.94	115.972675
7.043	116.320041
7.146	115.636291
7.25	116.161276
7.354	115.689803
7.457	116.083755
7.56	116.438552
7.665	114.707784
7.768	115.878604
7.872	115.447168
7.977	114.862612
8.081	115.383894
8.184	115.704304
8.289	114.049306
8.393	115.968206
8.497	115.095052
8.602	114.479075
8.707	113.866428
8.812	114.780198
8.918	113.574374
9.022	115.381689
9.127	113.383345
9.234	112.752667
9.339	114.034147
9.444	113.912907
9.551	112.806711
9.657	112.726188
9.764	112.591864
9.869	113.574374
9.976	112.551734
10.083	111.832183
10.191	111.680228
10.298	111.589876
10.406	111.252623
10.514	111.707258
10.621	111.298012
10.729	111.386858
10.829	110.444359
10.929	110.314769
11.038	110.093132
11.138	109.143591
11.238	109.93441
11.339	109.758915
11.439	109.374746
11.539	110.082934
11.64	109.497775
11.74	109.232464
11.842	108.418553
11.943	109.094881
12.045	107.849851
12.147	107.830808
12.248	108.116981
12.35	108.023534
12.453	107.040699
12.555	108.116967
12.658	106.792332
12.76	107.185679
12.864	106.138009
12.968	105.188016
13.073	105.284668
13.177	105.373434
13.282	105.266532
13.387	104.58794
13.492	104.605855
13.597	104.523343
13.703	104.003533
13.809	104.075354
13.914	104.501509
14.021	103.314869
14.127	103.772961
14.233	103.107629
14.341	102.431693
14.448	102.482272
14.555	102.326878
14.663	102.097038
14.771	101.825806
14.88	100.90203
14.98	100.607
15.089	100.201656
15.189	100.221828
15.289	100.197728
15.389	100.412028
15.489	99.5137138
15.589	99.6813561
15.691	98.7687
15.792	99.0936277
15.892	99.2293354
15.993	99.4394968
16.093	99.6128422
16.194	99.0151459
16.295	99.2716809
16.396	99.4365305
16.496	99.1221126
16.597	99.8635365
16.697	99.7320574
16.798	99.2805511
16.898	99.6644671
16.999	99.0073033
17.099	99.8316215
17.199	99.8994387
17.299	100.12349
17.399	99.8625392
17.5	99.6813561
17.609	100.334181
17.718	100.786467
17.818	99.936378
17.918	100.448339
18.018	100.285161
18.127	100.454201
18.227	100.601939
18.327	100.00635
18.435	101.129304
18.544	101.226101
18.653	101.177674
18.762	100.612248
18.87	101.863512
18.978	101.437063
19.086	101.778687
19.194	101.924874
19.302	101.964544
19.41	102.034534
19.518	102.196647
19.626	101.96927
19.733	102.188091
19.84	102.599845
19.947	103.080575
20.054	103.117294
20.16	103.759257
20.266	103.276069
20.372	103.691769
20.478	104.16208
20.584	104.196626
20.69	103.470361
20.795	104.957175
20.9	104.239084
21.006	103.887629
21.112	104.273656
21.217	104.470742
21.321	105.819444
21.425	105.253451
21.529	106.058188
21.634	105.152823
21.738	105.969299
21.841	106.043874
21.945	106.252847
22.048	106.558532
22.151	106.268232
22.255	106.37408
22.358	106.364823
22.46	108.28834
22.562	107.582974
22.665	107.286039
22.767	107.336289
22.868	109.006245
22.969	108.7175
23.07	109.010566
23.171	108.539426
23.272	108.987884
23.373	109.649492
23.473	109.378008
23.573	109.811495
23.673	110.199834
23.781	111.225813
23.889	111.467562
23.997	110.659622
24.097	110.79812
24.203	113.14069
24.309	112.363075
24.417	111.747828
24.523	112.849158
24.629	112.979842
24.735	113.331945
24.841	113.300927
24.947	113.756328
25.051	114.432133
25.155	115.618465
25.26	114.783492
25.365	114.555588
25.469	114.713267
25.572	116.254681
25.676	116.103958
25.779	116.079249
25.882	116.647946
25.985	116.427255
26.088	116.231034
26.192	115.442725
26.296	116.18602
26.398	116.634341
26.5	117.597872
26.604	115.977158
26.707	116.82624
26.81	116.461153
26.913	115.972675
27.016	116.460023
27.12	115.163535
27.224	115.781333
27.327	116.550513
27.431	115.800327
27.535	115.456068
27.639	115.347294
27.742	116.196145
27.846	114.699013
27.951	115.253127
28.055	114.852718
28.159	115.542765
28.263	115.34175
28.367	115.631834
28.472	114.139358
28.577	114.574182
28.681	114.408131
28.786	114.659559
28.891	114.45725
28.996	113.944261
29.102	113.150292
29.208	113.114028
29.314	113.93562
29.419	113.969151
29.524	113.958342
29.631	112.844913
29.737	112.947927
29.844	112.005457
29.951	112.468399
30.057	112.674324
30.165	111.819678
30.271	112.601372
30.379	111.676071
30.485	112.919244
30.593	111.274275
30.7	111.911446
30.807	111.961565
30.915	111.49449
31.015	109.90695
31.115	110.055399
31.223	110.485411
31.323	110.555361
31.423	109.517398
31.523	110.088442
31.623	110.740118
31.723	109.804918
31.824	108.497673
31.925	109.114373
32.026	109.021356
32.128	107.926039
32.229	108.818597
32.33	108.393981
32.432	108.116967
32.534	108.357677
32.636	107.058397
32.739	107.100104
32.842	106.401861
32.945	107.17628
33.048	107.05841
33.151	106.396716
33.255	105.8449
33.359	106.000955
33.463	105.702506
33.568	105.040362
33.672	105.266545
33.777	104.553147
33.882	104.761256
33.987	105.294759
34.093	103.830741
34.199	103.205335
34.305	104.281576
34.411	103.217912
34.519	102.510924
34.626	102.910845
34.733	102.509968
34.84	102.789677
34.947	102.277404
35.056	101.772107
35.165	100.822494
35.274	100.862258
35.383	100.72649
35.483	100.389851
35.591	101.035487
35.692	99.5048019
35.792	99.5820913
35.893	99.2894352
35.993	99.6465909
36.094	99.3723024
36.195	99.4642359
36.295	99.6515559
36.395	99.936378
36.496	99.393044
36.596	99.56821
36.697	99.4573112
36.797	99.1702795
36.897	100.313316
36.997	99.7718592
37.098	99.4019358
37.199	98.9690885
37.299	99.9104178
37.4	99.4226897
37.509	100.510203
37.609	100.076396
37.709	100.334452
37.809	100.10144
37.917	101.052194
38.018	99.8146816
38.118	99.7429997
38.218	100.303254
38.326	101.085625
38.435	100.894637
38.544	101.120008
38.653	101.2988
38.762	101.014159
38.871	100.984472
38.979	101.437052
39.087	101.599147
39.195	101.633868
39.304	101.730682
39.411	102.588363
39.519	101.531616
39.627	102.336398
39.734	102.335446
39.842	101.92864
39.949	102.5721
40.057	101.927696
40.164	103.407136
40.27	102.938773
40.377	103.193704
40.483	103.741643
40.589	103.964215
40.695	103.751415
40.8	104.887133
40.905	104.713388
41.011	103.741643
41.117	103.654627
41.222	104.586958
41.327	104.87412
41.431	105.482552
41.536	105.363329
41.64	105.333073
41.745	105.380488
41.848	105.808248
41.952	106.675304
42.056	105.847955
42.159	106.195391
42.262	106.891943
42.365	107.15018
42.467	107.443227
42.569	107.886874
42.671	108.226532
42.773	107.844565
42.874	108.14354
42.976	108.650922
43.077	108.638059
43.178	108.291525
43.28	108.626245
43.38	109.626557
43.481	109.336695
43.581	109.955289
43.681	109.85207
43.781	109.627636
43.881	110.408886
43.989	111.243328
44.097	110.984057
44.205	111.179427
44.312	112.175074
44.419	111.779056
44.525	113.099103
44.632	112.192903
44.738	113.13109
44.844	113.406919
44.95	113.061807
45.055	114.659559
45.161	113.471274
45.266	114.081834
45.37	115.558342
45.474	114.798865
45.578	114.984767
45.682	115.383894
45.786	116.308767
45.889	116.108451
45.992	116.711479
46.095	116.495057
46.197	117.174169
46.299	117.653215
46.402	116.612806
46.504	117.238277
46.607	117.189031
46.709	117.362111
46.812	116.564098
46.915	116.64908
47.018	116.965149
47.12	117.058724
47.223	116.599209
47.326	116.671763
47.429	116.591265
47.532	115.814856
47.636	115.359505
47.74	116.108451
47.844	115.389442
47.948	115.496058
48.051	115.772397
48.155	115.181221
48.259	115.962589
48.362	116.013038
48.466	115.710998
48.57	114.888991
48.675	115.086221
48.778	115.718809
48.884	113.997315
48.988	114.631081
49.092	115.486054
49.197	114.693532
49.302	114.375417
49.407	114.573088
49.512	114.219739
49.617	114.415767
49.722	113.749844
49.828	113.527096
49.934	113.094839
50.039	113.949671
50.145	112.933059
50.252	112.468399
50.359	112.637294
50.465	112.325225
50.573	112.03369
50.679	112.590807
50.786	112.089141
50.893	112.243274
51.001	111.427196
51.101	110.039986
51.208	111.571213
51.316	111.518321
51.416	109.967381
51.516	110.425511
51.624	110.640237
51.724	110.170034
51.832	110.587217
51.932	110.367898
52.033	109.006245
52.134	108.860597
52.235	109.341043
52.335	109.336695
52.437	108.190354
52.538	108.353407
52.64	108.337387
52.742	107.700961
52.844	107.752657
52.947	107.176267
53.049	107.430635
53.152	106.77471
53.255	107.066746
53.358	106.58641
53.462	106.088875
53.565	106.538923
53.669	106.067405
53.773	105.253438
53.878	105.504809
53.982	105.113635
54.088	104.235133
54.193	104.869121
54.298	104.011401
54.404	104.127582
54.51	104.229194
54.616	103.576557
54.721	104.021236
54.828	103.521958
54.934	103.504437
55.042	101.973051
55.149	102.368791
55.257	102.083773
55.366	101.161855
55.474	101.960763
55.583	100.97058
55.692	100.167895
55.792	100.84034
55.901	100.8493
56.011	100.115019
56.111	99.458288
56.211	100.048361
56.312	99.1535632
56.412	99.8146816
56.513	99.2805634
56.614	99.2854796
56.714	99.9583549
56.814	99.5771333
56.914	99.5920213
57.014	99.905427
57.115	99.8715028
57.215	99.8585379
57.315	99.7589201
57.415	99.5523504
57.515	100.180663
57.615	100.206764
57.715	100.215802
57.815	99.5523504
57.915	100.675875
58.015	100.071388
58.124	100.694218
58.224	99.4869829
58.325	99.7022268
58.434	100.542357
58.543	100.914064
58.652	100.746786
58.761	101.486653
58.869	101.371627
58.978	101.421152
59.086	101.279214
59.195	101.237281
59.303	102.042106
59.41	101.961709
59.519	101.764563
59.627	101.325872
59.735	101.883325
59.843	102.099881
59.95	102.307844
60.058	102.290719
60.165	102.368779
60.273	102.585504
60.38	102.718647
60.486	103.007202
60.593	102.979248
60.7	103.014931
60.806	103.551206
60.912	104.054692
61.018	104.152218
61.124	103.76513
61.229	104.703433
61.333	104.996246
61.438	105.048387
61.543	104.736332
61.648	104.900123
61.751	106.320616
61.856	105.684226
61.96	105.311896
62.064	105.999934
62.168	105.596976
62.272	105.403713
62.376	105.835734
62.479	107.059452
62.582	106.781965
62.685	106.806849
62.787	107.550379
62.888	108.842285
62.99	107.688309
63.091	109.039742
63.192	108.883226
63.294	108.427089
63.395	108.395049
63.496	109.676824
63.597	108.913425
63.697	109.207522
63.798	109.318223
63.898	110.304814
63.998	110.116007
64.106	110.181063
64.215	110.960467
64.322	111.351716
64.422	110.952346
64.528	112.303136
64.635	112.521128
64.741	112.979842
64.848	112.765382
64.954	112.494758
65.06	113.41335
65.165	114.252377
65.271	113.382274
65.376	113.74231
65.481	114.380868
65.586	114.28502
65.69	115.707637
65.794	115.874128
65.898	115.287466
66.002	115.010114
66.105	116.800072
66.207	117.159297
66.31	116.402409
66.413	117.151276
66.516	116.311021
66.618	117.312775
66.721	116.681973
66.824	116.706924
66.927	116.885413
67.029	116.727373
67.132	117.13298
67.235	116.653616
67.337	117.378182
67.439	117.408027
67.541	117.647463
67.644	116.687646
67.747	115.918901
67.85	117.039315
67.954	115.864059
68.057	116.36176
68.16	116.482632
68.263	116.118563
68.367	115.325123
68.471	115.743364
68.574	115.971554
68.678	115.839452
68.782	115.734434
68.886	114.725331
68.99	115.226567
69.094	115.484943
69.199	114.847221
69.303	115.209973
69.407	114.933006
69.512	114.341646
69.617	114.237136
69.721	115.119343
69.826	114.399419
69.931	114.481259
70.037	113.582974
70.143	113.252808
70.248	113.528157
70.355	112.900121
70.461	113.16523
70.567	112.813074
70.673	112.969206
70.779	113.265636
70.885	113.179092
70.992	112.35362
71.099	112.641537
71.206	111.857201
71.313	111.919796
71.421	110.800626
71.529	111.311446
71.637	111.341384
71.745	110.769942
71.845	110.874062
71.953	110.301582
72.054	109.714017
72.162	110.296525
72.262	110.525369
72.363	108.856288
72.464	109.388885
72.564	109.020276
72.666	108.827223
72.767	108.482693
72.869	107.710453
72.97	108.973834
73.071	109.077572
73.173	107.513587
73.275	107.803345
73.377	107.672484
73.479	107.793837
73.582	107.127223
73.685	107.035492
73.788	106.796466
73.892	105.848974
73.995	107.032367
74.098	105.976445
74.203	104.940166
74.308	105.328018
74.412	104.939165
74.518	104.566067
74.623	104.049771
74.729	104.200561
74.834	104.717387
74.94	104.035981
75.046	103.625344
75.152	104.0055
75.259	102.66974
75.366	102.538647
75.474	102.323071
75.581	102.183345
75.69	101.37255
75.798	101.828622
75.906	101.095856
76.015	101.408997
76.124	100.626054
76.224	100.689053
76.324	99.6773817
76.424	100.197728
76.524	100.1275
76.633	100.139627
76.734	99.1653623
76.835	99.5364959
76.935	99.7131626
77.044	100.725567
77.144	100.093425
77.244	99.6505628
77.344	100.084409
77.444	100.084409
77.544	100.38179
77.644	100.093425
77.753	100.861321
77.853	99.6684405
77.953	100.321367
78.062	100.789249
78.171	100.862246
78.28	100.918704
78.389	100.845613
78.489	100.645465
78.597	101.415554
78.706	101.343597
78.815	100.793866
78.924	100.894626
79.032	101.53349
79.141	101.263376
79.249	101.355737
79.357	101.733504
79.466	101.568178
79.572	103.028439
79.68	102.227977
79.788	101.939031
79.895	102.857919
80.002	102.830996
80.108	103.31778
80.215	103.205335
80.321	103.225661
80.428	102.793519
80.535	103.225673
80.641	103.580459
80.747	104.274644
80.853	103.737729
80.959	103.776877
81.065	103.648766
81.17	104.649643
81.275	104.88612
81.379	105.28972
81.485	104.405286
81.59	104.808183
81.694	105.306843
81.799	105.018299
81.903	105.21922
82.008	105.389575
82.112	105.030332
82.216	106.473955
82.319	106.400832
82.422	106.409066
82.526	106.65255
82.629	106.379224
82.732	106.676339
82.835	106.904409
82.938	107.054242
83.04	107.482071
83.142	108.079787
83.244	107.678821
83.346	108.029899
83.448	108.014001
83.549	108.937141
83.651	107.793837
83.751	109.892676
83.851	109.74576
83.951	110.482061
84.051	109.27587
84.151	110.537586
84.26	110.34824
84.367	111.292864
84.467	110.792527
84.575	111.13721
84.682	112.124763
84.788	112.79506
84.895	112.302098
85.002	112.317865
85.108	112.597146
85.214	113.090562
85.32	113.379073
85.426	113.040506
85.532	114.166492
85.637	114.078594
85.741	114.716557
85.845	115.371692
85.949	116.055674
86.052	115.634063
86.156	115.828271
86.259	116.411429
86.362	116.559569
86.464	117.693617
86.567	116.978846
86.668	118.017701
86.771	117.32195
86.874	116.519943
86.976	117.055298
87.078	117.668213
87.18	117.278379
87.283	117.253169
87.385	117.703992
87.487	117.178746
87.589	117.323083
87.692	116.845578
87.795	116.427255
87.898	116.89223
88	117.487357
88.103	116.941213
88.205	117.313922
88.307	117.113546
88.411	115.845044
88.515	115.177904
88.618	116.594678
88.721	116.916161
88.825	115.510511
88.928	115.93346
89.032	115.534977
89.135	115.991732
89.238	116.540326
89.342	116.207383
89.445	115.948022
89.549	115.908824
89.653	114.751661
89.758	114.600443
89.862	115.428289
89.966	115.336207
90.071	114.690243
90.175	115.169061
90.28	114.232786
90.386	112.896934
90.492	113.16415
90.598	113.767112
90.703	114.091596
90.808	113.584035
90.914	113.318046
91.019	114.110039
91.125	113.262429
91.232	112.808832
91.338	113.289161
91.445	111.966776
91.552	112.04729
91.659	112.330482
91.765	112.541179
91.872	112.176122
91.98	111.368251
92.089	110.71169
92.196	111.149563
92.304	111.409609
92.404	110.730085
92.513	109.979103
92.613	109.788479
92.713	109.331262
92.814	109.749045
92.922	110.5088
93.023	109.349738
93.124	109.077572
93.225	108.754059
93.326	108.236117
93.428	108.75297
93.529	108.857365
93.631	107.821309
93.733	108.038388
93.835	107.591405
93.937	107.267207
94.04	107.591392
94.143	106.789222
94.246	106.423479
94.349	106.620503
94.453	106.084782
94.558	104.900136
94.661	106.216925
94.765	105.448172
94.871	104.153204
94.977	104.320134
95.083	103.643896
95.189	103.849378
95.295	103.692734
95.401	103.373124
95.507	103.665372
95.614	102.920474
95.721	103.078643
95.829	101.826737
95.936	102.355443
96.044	102.274551
96.152	101.750443
96.261	101.302543
96.369	101.080981
96.478	101.092128
96.578	100.281126
96.678	100.112464
96.787	100.732935
96.896	100.713579
96.996	100.206764
97.096	99.557306
97.196	100.232879
97.296	100.439246
97.405	100.357981
97.514	100.822494
97.615	99.8595351
97.715	100.006338
97.824	100.498266
97.933	100.950182
98.042	100.697894
98.151	100.786478
98.251	100.461457
98.36	101.132093
98.468	101.687422
98.577	101.132105
98.685	101.469802
98.794	100.742161
98.902	101.612275
99.011	101.145124
99.119	102.154864
99.227	101.571003
99.336	101.441729
99.443	102.377353
99.551	101.730682
99.658	102.839648
99.766	102.377353
99.873	102.063882
99.981	102.527166
100.088	102.559668
100.195	102.456499
100.302	102.844456
100.409	103.035182
100.516	103.15404
100.622	103.096999
100.728	103.836622
100.835	103.377981
100.94	103.985824
101.046	104.18281
101.151	104.43304
101.257	103.89646
101.363	103.573619
101.47	103.703499
101.575	104.583963
101.68	104.583975
101.785	105.06143
101.89	104.363683
101.994	105.530114
102.098	105.708601
102.203	104.557135
102.306	106.819282
102.41	106.388483
102.514	105.773655
102.617	107.017789
102.718	108.034143
102.821	107.231641
102.924	107.299644
103.026	107.09489
103.129	107.524083
103.231	107.40546
103.333	108.17119
103.434	108.590871
103.535	108.371541
103.637	108.454884
103.738	108.786312
103.839	108.55335
103.94	109.246581
104.041	109.223788
104.141	109.176089
104.242	109.912441
104.35	110.24686
104.45	110.803701
104.558	111.04979
104.666	111.319694
104.773	111.881188
104.881	111.354816
104.988	112.121607
105.094	113.006441
105.2	113.420867
105.306	112.620381
105.412	113.243189
105.518	112.859758
105.623	114.218665
105.729	113.828611
105.834	114.072087
105.94	113.691648
106.044	114.967141
106.148	115.829389
106.252	115.111613
106.356	115.148064
106.46	115.520519
106.563	116.681973
106.665	117.05871
106.767	117.467805
106.869	117.653215
106.972	117.477005
107.074	117.382761
107.175	118.060662
107.277	118.278282
107.379	117.174155
107.481	117.791816
107.583	117.839226
107.685	117.728242
107.788	116.687646
107.889	118.314419
107.991	118.000308
108.094	116.496188
108.196	117.222243
108.298	117.5069
108.4	117.668228
108.503	116.841013
108.606	116.708074
108.708	117.466641
108.81	117.491958
108.913	116.422723
109.016	116.874029
109.119	116.564098
109.223	115.413857
109.326	116.317772
109.429	116.279464
109.533	115.538315
109.636	116.156779
109.739	116.509761
109.844	115.149182
109.948	115.432731
110.051	115.448265
110.155	115.43162
110.26	114.622336
110.364	115.292991
110.469	114.413585
110.575	113.662573
110.68	113.898851
110.785	114.213216
110.891	113.677647
110.996	113.803796
111.101	113.856691
111.206	114.360157
111.313	112.946877
111.419	113.140677
111.525	112.680672
111.632	112.751608
111.739	112.125798
111.846	111.602329
111.953	112.270578
112.061	111.638668
112.169	110.929682
112.277	111.006657
112.385	111.00151
112.493	110.897902
112.593	110.623182
112.701	110.881507
112.809	110.617799
112.91	109.106784
113.01	110.154588
113.11	109.592685
113.219	110.742342
113.319	109.171755
113.42	109.463996
113.521	109.194527
113.622	108.58121
113.724	108.147793
113.825	108.580138
113.927	108.110592
114.029	107.278714
114.131	107.830808
114.234	107.0532
114.337	106.955355
114.439	107.490461
114.542	106.544083
114.646	106.270285
114.749	106.762261
114.853	105.994826
114.957	105.778741
115.061	105.35021
115.166	104.870133
115.271	105.231286
115.375	104.843133
115.481	104.437019
115.586	104.905125
115.691	104.415197
115.798	103.091201
115.904	103.467429
116.011	103.040985
116.117	103.555106
116.224	102.834841
116.331	102.895431
116.439	101.444547
116.548	100.785543
116.657	101.311862
116.766	101.355737
116.875	100.111374
116.976	99.7977474
117.085	100.482648
117.194	100.97058
117.294	100.381777
117.403	100.494593
117.503	100.045358
117.603	100.254973
117.703	99.9853396
117.812	101.213981
117.921	100.409282
118.03	100.847451
118.139	100.8493
118.239	100.690067
118.347	101.376287
118.455	101.445483
118.564	101.104207
118.673	101.54755
118.782	100.878907
118.891	100.521214
118.999	101.596321
119.108	101.394976
119.216	101.678962
119.324	101.645138
119.431	102.535768
119.539	102.640054
119.647	101.845593
119.754	102.434555
119.862	102.158671
119.969	102.723444
120.076	102.714811
120.183	102.456499
120.29	102.606544
120.397	103.268301
120.504	102.713852
120.61	103.718167
120.716	103.500529
120.823	103.012037
120.929	103.981904
121.035	104.161094
121.14	104.726348
121.245	103.87978
121.351	103.815062
121.457	104.089154
121.562	104.753275
121.667	105.311884
121.771	105.08351
121.876	105.310875
121.98	105.407753
122.085	105.240347
122.189	105.346175
122.293	105.399686
122.397	105.972349
122.5	106.639109
122.604	106.400832
122.707	106.343229
122.81	106.977199
122.912	107.793824
123.015	107.259885
123.117	107.440066
123.219	107.826593
123.321	107.816011
123.424	107.255702
123.525	108.10103
123.626	108.851979
123.728	108.603723
123.828	109.124102
123.929	109.662609
124.03	109.119772
124.13	109.104619
124.231	109.397589
124.332	109.331262
124.44	110.805741
124.548	111.150593
124.656	110.826208
124.764	111.109426
124.872	111.010752
124.979	111.882231
125.087	111.866586
125.193	113.200445
125.3	111.47274
125.406	113.080971
125.512	113.663663
125.617	114.034133
125.724	112.748416
125.829	113.457327
125.934	114.398315
126.039	114.751661
126.143	114.869195
126.247	115.3606
126.351	116.32341
126.454	115.85511
126.558	115.952504
126.661	116.405796
126.763	117.178732
126.866	116.796676
126.968	117.406878
127.07	117.769837
127.172	118.000293
127.273	118.000308
127.376	117.173011
127.478	117.162729
127.58	117.32423
127.682	118.203703
127.783	118.879369
127.885	117.989851
127.986	117.950434
128.088	117.991011
128.19	117.223374
128.292	117.955057
128.395	116.708074
128.497	118.110629
128.598	117.820714
128.701	117.198201
128.803	116.995939
128.906	116.885413
129.009	116.861495
129.111	117.192478
129.214	116.393363
129.316	117.389665
129.419	117.103261
129.522	116.767113
129.624	117.154722
129.727	116.200632
129.83	116.945785
129.933	116.496188
130.037	115.88308
130.14	115.468274
130.244	115.93346
130.349	114.559949
130.452	115.777982
130.556	115.25422
130.66	115.981642
130.764	115.419408
130.868	115.274163
130.973	114.5512
131.078	113.974564
131.183	114.229524
131.288	114.564324
131.392	114.680379
131.499	113.15668
131.603	114.470339
131.709	113.203662
131.814	114.256715
131.92	113.715351
132.027	112.165637
132.133	112.781266
132.24	112.463129
132.347	112.177158
132.454	111.811343
132.562	111.266021
132.67	110.78835
132.778	111.432356
132.886	110.970715
132.994	110.994323
133.094	110.448795
133.202	110.597409
133.302	110.910953
133.41	110.609642
133.511	109.554483
133.611	109.007311
133.711	110.045476
133.813	108.819674
133.913	109.294328
134.014	108.651995
134.116	108.417484
134.217	108.339521
134.32	107.318474
134.422	107.286039
134.524	108.213756
134.627	106.778843
134.729	107.775883
134.832	107.405447
134.934	106.954302
135.037	106.856651
135.141	106.017301
135.244	106.437883
135.349	105.666967
135.453	105.636525
135.557	105.207131
135.662	104.87912
135.767	104.614796
135.872	104.597885
135.979	103.648779
136.084	103.810163
136.191	103.366324
136.298	102.781981
136.405	102.75223
136.512	103.205323
136.619	102.744552
136.726	102.158671
136.835	101.201876
136.944	101.213981
137.053	100.975202
137.162	100.883522
137.271	100.979837
137.38	100.286615
137.489	100.739393
137.589	100.267049
137.698	100.691441
137.798	100.176649
137.907	100.709879
138.007	100.799669
138.116	100.57913
138.225	100.758771
138.334	101.274552
138.443	100.295747
138.543	100.531144
138.652	100.952035
138.76	101.755149
138.868	101.596321
138.968	100.453371
139.076	101.647956
139.185	101.223295
139.292	102.924326
139.4	101.649835
139.508	101.89465
139.616	101.763621
139.724	101.978711
139.832	101.834278
139.939	102.200433
140.047	102.134009
140.155	102.307844
140.262	102.549139
140.369	102.810813
140.475	103.691756
140.581	104.085215
140.687	103.530727
140.793	103.284797
140.9	103.532676
141.006	103.594103
141.112	103.832713
141.218	103.798408
141.323	104.337945
141.428	104.511426
141.534	103.730882
141.64	104.54023
141.745	104.179837
141.851	104.192665
141.955	105.198076
142.058	106.770564
142.162	105.658848
142.267	105.390572
142.371	105.851011
142.475	105.615225
142.579	106.084782
142.682	106.342188
142.786	105.92236
142.889	106.319588
142.993	106.650469
143.096	106.357624
143.198	107.527236
143.301	106.986563
143.404	106.380252
143.506	108.001261
143.608	108.401445
143.709	108.464509
143.811	107.96416
143.911	110.002571
144.011	109.654957
144.112	109.097045
144.212	110.155678
144.312	110.237382
144.412	110.209771
144.52	110.664725
144.62	110.17002
144.728	110.877409
144.836	110.912252
144.944	111.105312
145.052	111.495525
145.16	111.374439
145.267	112.31366
145.373	112.252711
145.48	112.69337
145.586	112.702883
145.693	112.997928
145.798	113.762785
145.904	113.775728
146.009	113.514196
146.115	113.970234
146.219	114.494367
146.324	115.053119
146.427	115.776865
146.531	115.928966
146.635	114.898891
146.739	115.914422
146.843	115.660811
146.945	116.776203
147.047	117.658983
147.15	116.734186
147.253	117.055284
147.355	116.742121
147.457	118.660721
147.558	118.738214
147.659	118.33542
147.76	118.732339
147.862	118.028148
147.964	117.809162
148.065	118.513061
148.166	118.09668
148.269	117.554096
148.37	117.971292
148.472	118.456906
148.573	118.103654
148.676	117.175299
148.777	118.071131
148.879	117.437901
148.982	116.728494
149.085	116.731915
149.187	117.320789
149.289	117.372427
149.392	117.424111
149.493	118.222335
149.596	116.960603
149.698	117.279511
149.8	117.799896
149.903	117.014207
150.005	116.778476
150.108	116.362903
150.211	117.422962
150.313	116.797799
150.417	116.117439
150.52	115.992839
150.623	116.559569
150.726	116.163525
150.83	116.152267
150.933	116.030986
151.037	115.953624
151.141	115.215503
151.246	114.532614
151.35	115.292991
151.454	115.072978
151.559	114.1817
151.664	114.651891
151.769	113.918301
151.875	113.0256
151.98	114.985869
152.086	113.003235
152.191	113.617374
152.298	112.708189
152.404	113.11828
152.51	113.090576
152.617	112.10799
152.724	112.583413
152.83	112.943675
152.938	111.310401
153.045	111.392028
153.153	111.15883
153.261	111.172217
153.369	111.126918
153.477	111.0796
153.586	110.791419
153.694	110.376659
153.794	110.569808
153.894	109.855362
153.994	110.146853
154.095	109.208606
154.195	109.627636
154.295	109.826844
154.397	108.07023
154.498	108.987871
154.601	106.870147
154.702	108.506235
154.804	107.675646
154.906	107.913334
155.009	106.761225
155.113	106.356595
155.215	107.391815
155.318	107.02716
155.42	107.191933
155.524	105.956029
155.627	107.159575
155.731	105.412791
155.835	105.531126
155.94	104.919134
156.045	104.971197
156.151	103.896447
156.256	104.51937
156.361	104.540242
156.467	103.756309
156.574	103.645837
156.68	103.570706
156.787	102.977308
156.893	102.919511
157.001	101.851251
157.109	102.211817
157.217	101.536302
157.325	102.030748
157.434	100.715423
157.543	101.198152
157.652	101.299733
157.761	100.818798
157.87	100.818798
157.979	100.839131
158.088	100.920544
158.188	100.111462
158.297	101.064264
158.405	101.189773
158.505	100.61611
158.614	100.805863
158.723	100.758771
158.823	100.233883
158.932	100.952035
159.04	101.364143
159.14	100.519017
159.248	101.287607
159.356	102.100829
159.464	101.571929
159.564	100.897305
159.672	101.524119
159.78	101.793756
159.889	101.2988
159.997	101.890863
160.105	101.731623
160.211	103.116316
160.319	102.619946
160.424	103.930805
160.531	102.694673
160.638	103.154996
160.745	102.630477
160.852	103.353686
160.959	102.89063
161.066	102.457442
161.172	103.429499
161.279	103.33621
161.385	103.607764
161.491	103.530739
161.597	103.806245
161.702	104.458825
161.808	104.723357
161.912	104.861123
162.018	104.497526
162.123	104.240059
162.228	104.974203
162.332	105.311884
162.436	105.716715
162.541	105.367366
162.645	105.344157
162.749	106.450244
162.853	105.703522
162.956	106.03263
163.06	105.760434
163.164	106.482188
163.267	106.478078
163.369	107.615601
163.472	107.258826
163.574	107.53671
163.676	107.596654
163.777	108.957643
163.878	109.4738
163.979	108.139288
164.08	108.918804
164.181	109.630914
164.282	108.451676
164.382	110.493172
164.482	110.03118
164.582	110.225218
164.69	110.699435
164.79	110.044389
164.89	110.223023
164.998	111.0796
165.105	111.48619
165.205	110.266113
165.313	111.261894
165.42	111.847805
165.527	112.739956
165.633	112.624609
165.74	112.928807
165.846	112.565446
165.952	112.854451
166.058	113.220752
166.163	114.295892
166.268	114.314402
166.374	113.961575
166.478	114.957229
166.583	114.021131
166.687	115.477164
166.791	115.280793
166.896	114.841712
166.999	116.23779
167.103	115.670831
167.206	116.77849
167.308	117.30588
167.41	117.517257
167.511	118.841695
167.612	118.167619
167.714	118.606771
167.816	117.753658
167.917	117.906381
168.019	117.921457
168.121	118.138535
168.222	119.030305
168.323	118.421837
168.425	117.639375
168.527	117.705147
168.629	117.624384
168.73	118.717069
168.832	117.02676
168.935	116.960589
169.037	117.835755
169.138	118.193224
169.241	117.334555
169.342	118.320266
169.444	117.749036
169.546	117.945783
169.648	116.768249
169.751	117.269211
169.854	116.359504
169.956	117.403447
170.059	116.743257
170.161	117.612856
170.264	116.66042
170.367	115.788023
170.471	116.094971
170.573	116.924121
170.677	115.881961
170.78	116.892244
170.883	116.153392
170.987	115.680881
171.091	115.3961
171.195	114.942914
171.299	115.322907
171.404	114.515126
171.508	114.918697
171.613	114.642033
171.718	114.533707
171.823	114.491089
171.928	114.403768
172.033	113.78328
172.138	114.281742
172.243	113.782201
172.349	113.800545
172.454	113.735842
172.561	112.563334
172.667	113.241039
172.773	112.994736
172.879	113.346932
172.986	112.609812
173.092	112.562292
173.2	111.792593
173.307	111.722845
173.414	112.268477
173.522	110.996376
173.63	110.910202
173.73	110.615381
173.838	110.299554
173.938	110.862887
174.046	110.200288
174.146	110.324727
174.246	109.65605
174.348	108.594073
174.448	109.841087
174.549	108.600519
174.65	108.694941
174.751	108.878901
174.853	108.330998
174.954	108.749745
175.056	108.371541
175.158	107.168958
175.261	106.819295
175.364	106.956382
175.466	107.808615
175.569	106.724984
175.671	107.900618
175.774	106.560597
175.878	105.715712
175.983	105.509869
176.087	105.492655
176.192	104.888133
176.297	104.56905
176.402	104.714384
176.508	103.785677
176.614	104.162092
176.719	104.837138
176.825	103.65365
176.931	103.573619
177.037	103.332339
177.144	103.286737
177.252	101.413672
177.36	101.965489
177.468	102.064829
177.576	101.747619
177.685	101.235406
177.794	100.630645
177.903	101.065193
178.012	100.888148
178.12	101.641381
178.229	100.691441
178.338	101.380958
178.446	101.564427
178.546	100.255991
178.655	100.943697
178.764	100.811417
178.872	101.474482
178.981	101.753267
179.089	101.396834
179.197	101.985342
179.305	101.733504
179.414	101.240996
179.522	101.617907
179.63	101.752325
179.737	102.358288
179.845	102.361158
179.952	102.30022
180.06	102.324023
180.167	102.428832
180.274	102.904094
180.382	102.486091
180.488	103.231474
180.595	102.865614
180.701	103.487871
180.808	102.821384
180.915	103.322621
181.021	103.194685
181.128	103.062213
181.234	104.119697
181.34	103.686869
181.446	103.215975
181.552	104.398362
181.657	104.240059
181.763	103.658534
181.869	104.50249
181.974	104.854126
182.078	105.183993
182.183	104.953169
182.288	105.146792
182.392	105.30281
182.497	105.102587
182.601	105.575692
182.705	105.797053
182.809	105.436043
182.913	105.48355
183.017	106.177965
183.12	106.341172
183.224	106.156434
183.327	106.514164
183.43	107.165826
183.533	107.112619
183.64	107.281144
183.743	107.147049
183.845	108.135036
183.947	107.78643
184.048	108.246768
184.149	109.574126
184.25	109.009472
184.35	109.342129
184.451	108.82075
184.552	109.80711
184.652	109.654943
184.752	109.55121
184.852	109.826844
184.952	110.456545
185.054	111.274014
185.162	111.303173
185.269	112.70713
185.375	113.292356
185.481	112.285285
185.588	112.383069
185.694	113.646426
185.8	113.514196
185.905	113.904257
186.01	114.098104
186.115	114.257803
186.219	115.039883
186.323	115.351715
186.427	115.448278
186.531	115.982763
186.634	116.22314
186.737	116.364031
186.84	116.981112
186.942	117.398852
187.044	117.300147
187.146	117.584045
187.248	117.644002
187.35	118.289927
187.45	119.325008
187.551	119.220699
187.652	118.746438
187.753	119.263355
187.855	117.303586
187.956	118.851111
188.057	119.035028
188.157	119.298925
188.259	118.099005
188.36	119.105917
188.461	118.795811
188.563	117.634762
188.664	118.078087
188.766	117.814931
188.868	117.470091
188.97	117.805678
189.072	117.378182
189.174	118.462753
189.275	118.052532
189.378	117.260029
189.479	117.966653
189.582	117.343734
189.683	118.239808
189.785	117.490808
189.888	117.354062
189.99	117.056426
190.093	116.910451
190.196	116.663823
190.298	117.399987
190.401	116.148895
190.504	117.105546
190.607	116.457762
190.71	116.08485
190.813	116.150033
190.917	115.729955
191.02	116.017524
191.125	115.26972
191.229	114.967141
191.334	114.579638
191.438	115.165731
191.543	113.763863
191.648	114.747272
191.752	114.809849
191.857	114.342722
191.962	114.667229
192.067	114.628878
192.171	114.731912
192.277	113.819974
192.382	113.58081
192.488	113.586186
192.594	113.380131
192.7	113.249588
192.805	113.627056
192.912	112.286336
193.019	112.4136
193.126	112.076591
193.233	112.185547
193.341	111.289754
193.448	111.857201
193.548	110.524244
193.656	111.267052
193.764	110.386813
193.864	110.653214
193.972	110.25699
194.072	110.534253
194.172	110.367884
194.273	108.713203
194.374	109.182591
194.474	109.798342
194.575	108.604795
194.677	108.140351
194.778	108.858429
194.88	107.602982
194.982	108.028838
195.084	108.076601
195.186	107.256735
195.29	106.144154
195.393	107.077155
195.495	106.906487
195.6	105.721808
195.703	105.886673
195.807	105.695384
195.912	105.58988
196.017	104.282553
196.122	105.365347
196.227	104.447914
196.332	104.718372
196.438	103.876825
196.544	103.884673
196.649	104.240059
196.755	103.668315
196.862	103.005272
196.969	102.487034
197.077	102.188091
197.185	101.671444
197.293	101.978723
197.401	101.53629
197.51	101.348266
197.618	101.970215
197.727	100.615918
197.835	101.974942
197.944	101.014148
198.053	101.193497
198.161	101.487589
198.27	100.77631
198.378	101.584112
198.487	101.309063
198.596	101.38563
198.704	101.483844
198.812	101.532553
198.92	101.64326
199.029	101.450149
199.136	102.359241
199.244	102.020339
199.352	101.941865
199.46	102.028855
199.569	101.252179
199.677	101.678951
199.785	101.909754
199.892	102.442187
199.999	102.740702
200.107	102.369731
200.214	102.700414
200.32	103.20243
200.427	103.399348
200.534	102.413562
200.641	102.828112
200.747	103.396432
200.853	103.914126
200.959	103.801347
201.065	103.965185
201.171	104.008438
201.276	104.322113
201.382	104.227219
201.487	104.750282
201.591	105.307851
201.696	104.567061
201.801	104.676519
201.906	104.803177
202.011	105.010279
202.115	105.836753
202.219	105.814342
202.323	105.700475
202.427	106.304176
202.53	106.081713
202.633	107.005283
202.736	107.083409
202.838	107.626144
202.94	107.510421
203.043	106.856638
203.146	106.899228
203.248	108.231857
203.35	107.48836
203.453	107.447412
203.556	106.479109
203.658	107.99702
203.759	108.848748
203.86	108.755121
203.96	109.633099
204.061	109.026745
204.162	108.853056
204.262	109.883894
204.363	109.195597
204.463	110.54757
204.571	110.754607
204.679	110.553596
204.779	110.794772
204.887	110.949156
204.995	110.990217
205.103	111.308336
205.21	112.230677
205.316	112.557
205.424	111.709338
205.53	112.708176
205.636	112.959622
205.742	113.529245
205.848	113.688417
205.952	114.500921
206.057	114.509662
206.162	114.605901
206.267	114.093765
206.371	115.016728
206.476	115.21661
206.58	115.198899
206.683	116.615073
206.786	115.783554
206.89	116.23216
206.993	116.018632
207.095	117.32998
207.197	117.810304
207.299	117.611703
207.401	117.956217
207.503	117.340292
207.605	118.306268
207.706	118.600895
207.807	117.977106
207.908	118.811087
208.01	117.927252
208.111	119.026748
208.212	119.154406
208.312	119.252688
208.413	119.572335
208.515	117.540279
208.616	118.829926
208.717	118.846403
208.819	117.772148
208.92	118.289927
209.021	118.448722
209.123	117.739793
209.225	118.085059
209.327	117.880899
209.428	118.647815
209.53	118.01654
209.632	117.731707
209.733	117.924934
209.836	116.948051
209.938	117.720158
210.04	117.485042
210.142	117.646309
210.245	116.758024
210.347	116.822814
210.45	116.704654
210.554	116.198395
210.657	115.85174
210.76	116.424996
210.864	115.462719
210.967	116.21301
211.07	116.808031
211.174	115.213291
211.278	115.605099
211.382	115.110508
211.486	115.693135
211.59	114.915396
211.694	115.47383
211.798	115.342859
211.903	115.060827
212.008	114.257803
212.113	114.102444
212.218	114.102444
212.324	113.55394
212.429	113.918314
212.534	114.116537
212.64	113.27312
212.745	113.957246
212.852	113.076709
212.958	112.618267
213.064	113.123625
213.171	112.32416
213.279	111.618939
213.386	112.082859
213.493	111.771768
213.6	111.640733
213.7	110.722283
213.808	110.811881
213.917	110.643297
214.025	110.540357
214.125	110.41663
214.233	110.475226
214.341	111.042596
214.442	109.206438
214.543	109.352999
214.644	109.107866
214.745	108.679906
214.846	108.526575
214.947	109.385622
215.048	108.615519
215.15	107.326863
215.252	108.324584
215.354	107.703057
215.456	107.928144
215.559	107.13557
215.661	107.103219
215.765	106.015258
215.869	106.072494
215.972	106.876378
216.076	106.023419
216.18	105.52404
216.285	104.988229
216.389	105.626381
216.494	104.110816
216.6	104.24895
216.706	103.34593
216.812	103.915096
216.918	103.638024
217.025	103.168552
217.131	103.232442
217.239	102.58261
217.346	102.407853
217.453	102.624732
217.561	101.773978
217.67	101.077265
217.779	101.316528
217.888	101.054051
217.996	101.883325
218.104	101.727859
218.212	101.377221
218.321	101.02992
218.43	100.952962
218.539	101.19629
218.647	101.218638
218.755	102.069553
218.863	101.64326
218.971	102.263141
219.079	101.671444
219.188	101.08191
219.296	101.499763
219.405	101.350134
219.513	102.094196
219.62	102.483215
219.728	101.974942
219.836	102.004256
219.942	103.085393
220.05	102.504237
220.156	103.231474
220.264	102.433601
220.371	102.832906
220.477	103.237299
220.584	102.674532
220.691	103.034229
220.797	103.889579
220.903	103.522932
221.009	103.801359
221.116	102.699455
221.222	103.66343
221.328	103.936697
221.433	104.682496
221.538	104.954171
221.644	103.935715
221.749	104.868121
221.854	104.547185
221.959	105.144782
222.063	105.665952
222.167	105.28264
222.272	105.277615
222.375	106.059211
222.479	106.170778
222.582	107.016748
222.685	107.101134
222.788	106.457468
222.891	106.582266
222.994	107.147036
223.096	107.639835
223.199	106.90337
223.301	107.441115
223.403	107.608245
223.506	107.616654
223.607	107.988538
223.709	108.611229
223.81	108.312851
223.912	108.206305
224.014	108.308585
224.115	108.834747
224.215	109.348651
224.316	108.853056
224.416	110.259482
224.518	108.396104
224.618	109.808193
224.727	110.096149
224.835	110.482346
224.944	110.874335
225.052	110.821091
225.159	111.642823
225.267	111.119715
225.374	112.095423
225.482	111.805092
225.588	112.328366
225.695	113.088431
225.8	113.731517
225.907	112.691254
226.012	113.629208
226.117	113.999467
226.223	113.643197
226.328	114.28283
226.433	114.624512
226.536	116.219777
226.641	114.74398
226.745	114.825229
226.848	116.306498
226.951	116.829652
227.054	116.779612
227.156	117.289828
227.259	116.814867
227.361	116.961729
227.463	117.942305
227.565	118.222335
227.666	118.632567
227.767	118.900571
227.867	119.005516
227.968	119.022041
228.069	118.840518
228.171	118.532962
228.271	119.128382
228.373	118.130395
228.474	118.281765
228.576	118.357596
228.676	119.325023
228.777	119.005516
228.878	118.463923
228.979	118.80522
229.081	117.586349
229.183	118.27477
229.284	118.700629
229.385	118.959506
229.486	118.9713
229.587	118.575127
229.688	119.005516
229.789	118.104816
229.891	118.317919
229.992	118.028148
230.094	118.064146
230.195	118.632567
230.298	116.99708
230.4	117.526465
230.502	117.474705
230.605	116.258046
230.708	116.675166
230.81	117.680907
230.912	117.285242
231.015	117.426409
231.117	116.704669
231.22	117.050717
231.323	116.785309
231.426	116.547103
231.529	116.170259
231.632	115.890914
231.736	115.653008
231.84	115.378333
231.944	115.557229
232.048	115.400538
232.152	115.818196
232.256	115.223247
232.36	115.580602
232.464	114.685845
232.569	114.203433
232.674	114.236049
232.779	114.659559
232.884	114.362337
232.988	114.8593
233.094	114.051474
233.2	113.325523
233.306	112.718762
233.413	112.104861
233.519	113.259208
233.626	112.663745
233.733	112.081812
233.84	111.787386
233.947	112.095423
234.054	111.996048
234.162	111.633463
234.27	110.700456
234.378	110.812904
234.487	110.887655
234.596	110.003299
234.696	110.028979
234.796	109.991558
234.896	109.55121
234.997	108.648776
235.097	109.866334
235.198	109.135998
235.299	109.192345
235.401	108.124406
235.503	107.419082
235.604	108.397185
235.707	107.695676
235.809	107.233732
235.912	107.439016
236.014	107.187768
236.117	106.548198
236.221	106.457468
236.324	106.555423
236.428	105.865273
236.532	105.515942
236.637	105.35827
236.742	104.720366
236.847	104.589941
236.952	104.7433
237.057	104.768241
237.163	103.313887
237.269	103.817022
237.376	102.796401
237.483	103.207259
237.59	102.825228
237.697	102.826177
237.805	101.647956
237.913	102.284061
238.021	101.538165
238.128	102.202333
238.236	102.193787
238.344	102.00519
238.451	102.363063
238.559	102.288805
238.666	102.318312
238.775	101.358538
238.883	101.528805
238.991	102.613233
239.099	101.826737
239.205	102.880033
239.313	102.554887
239.421	101.240064
239.529	102.210868
239.636	102.40404
239.744	101.77492
239.851	103.097953
239.958	102.604618
240.065	103.300316
240.172	102.425005
240.279	102.67646
240.386	102.782942
240.494	102.18999
240.601	103.006237
240.707	103.596054
240.813	104.005488
240.919	103.580459
241.026	103.130817
241.131	103.95929
241.237	104.323102
241.342	104.198587
241.447	104.803177
241.552	105.400683
241.657	104.643657
241.762	104.859124
241.866	105.340109
241.97	105.899926
242.075	105.138752
242.179	105.242361
242.283	106.109329
242.387	105.357274
242.492	105.169914
242.596	105.691322
242.701	104.83414
242.805	105.828607
242.909	105.913181
243.011	107.07507
243.114	106.993847
243.218	106.290809
243.32	107.622972
243.422	107.420144
243.525	107.576661
243.626	108.011866
243.729	107.484159
243.831	107.515676
243.932	108.840132
244.033	108.546923
244.134	109.164171
244.235	108.919882
244.336	109.093785
244.436	109.610158
244.537	108.99975
244.638	109.249822
244.738	110.249522
244.838	109.63747
244.946	111.063138
245.046	110.067513
245.154	111.017941
245.262	111.618926
245.369	112.009638
245.477	110.848731
245.584	111.891607
245.691	111.974102
245.798	112.797168
245.903	113.736907
246.01	112.820498
246.115	114.174096
246.22	113.587261
246.326	113.609844
246.432	113.620601
246.537	114.238224
246.642	114.571981
246.746	115.218822
246.849	115.619565
246.953	115.456054
247.057	116.038826
247.16	115.89651
247.262	117.607093
247.365	116.763704
247.468	116.810319
247.57	117.496545
247.672	117.316201
247.774	117.964334
247.875	118.535304
247.976	118.913532
248.076	120.410993
248.176	119.330956
248.277	118.913532
248.378	119.444984
248.478	120.094064
248.578	119.661761
248.679	119.105917
248.779	119.697554
248.879	120.425508
248.979	119.85297
249.086	120.664616
249.187	119.734578
249.287	119.652216
249.388	118.51072
249.489	119.278766
249.59	118.858174
249.69	119.89608
249.791	118.704151
249.892	118.710023
249.993	118.761716
250.094	118.664241
250.196	117.933032
250.297	119.006696
250.399	117.934191
250.5	117.816087
250.602	117.934191
250.704	117.78024
250.806	117.991011
250.908	117.151276
251.01	117.695911
251.112	117.366688
251.213	119.207671
251.316	116.612792
251.418	116.998235
251.521	116.704654
251.624	116.46453
251.728	115.912183
251.831	115.912169
251.935	116.169148
252.038	116.46566
252.141	116.526731
252.244	115.93234
252.348	115.63852
252.452	115.892019
252.555	116.160152
252.659	114.917583
252.763	115.483832
252.868	114.483444
252.972	114.930791
253.073	115.1083
253.178	114.024381
253.283	113.867495
253.386	113.620601
253.491	114.090511
253.597	113.623828
253.703	112.903294
253.81	112.014853
253.916	112.843852
254.023	112.255861
254.131	111.88849
254.238	112.178206
254.345	111.8645
254.454	110.29043
254.562	111.008685
254.67	110.818021
254.778	111.018968
254.878	110.606483
254.986	110.190169
255.087	109.895956
255.188	108.654142
255.288	109.344303
255.389	109.4738
255.489	109.976163
255.59	109.103537
255.691	109.071082
255.792	107.940853
255.894	108.215885
255.996	108.212692
256.098	107.358275
256.2	107.558779
256.303	107.695676
256.405	107.513587
256.508	106.755008
256.612	105.834716
256.716	105.731958
256.82	105.728922
256.923	106.579168
257.027	106.038763
257.132	105.04638
257.236	105.231274
257.341	104.461801
257.447	104.126584
257.553	103.530727
257.659	104.293429
257.765	103.886647
257.871	103.85721
257.977	103.145323
258.085	102.404981
258.192	102.75607
258.3	101.444536
258.408	102.245069
258.516	101.746678
258.624	101.550362
258.732	101.812588
258.84	102.468907
258.947	102.433589
259.054	102.336398
259.162	102.182383
259.27	101.65641
259.378	102.046839
259.486	101.889919
259.594	101.784337
259.701	102.826177
259.804	102.743593
259.911	103.209196
260.018	102.46318
260.126	102.364004
260.233	102.331638
260.339	103.34786
260.446	103.602884
260.552	103.822901
260.656	102.675502
260.762	103.874863
260.868	103.63119
260.974	103.452832
261.08	104.307274
261.185	103.968145
261.291	104.07437
261.396	104.367644
261.501	104.70342
261.607	104.545198
261.711	104.982205
261.817	104.586946
261.921	105.113635
262.025	105.573666
262.13	105.188016
262.234	105.477482
262.339	105.573666
262.443	105.7523
262.546	106.471881
262.65	106.078644
262.753	106.311355
262.857	105.82554
262.961	106.140058
263.063	106.945984
263.167	106.494571
263.269	107.472607
263.372	106.984469
263.474	107.22955
263.577	107.386573
263.679	107.884744
263.782	107.054242
263.884	107.942971
263.985	108.213756
264.086	108.882134
264.187	109.024598
264.288	108.884303
264.389	109.165254
264.49	108.524434
264.591	109.051619
264.692	109.420427
264.792	109.64512
264.899	111.826972
264.999	110.646535
265.099	110.135839
265.206	111.652159
265.314	110.932758
265.422	111.812384
265.528	112.596076
265.635	112.343101
265.742	111.716605
265.849	112.074498
265.956	112.576006
266.061	113.761706
266.167	113.252808
266.273	113.535676
266.379	113.770335
266.484	114.039552
266.588	115.099468
266.693	114.783478
266.797	114.446321
266.902	114.950622
267.006	115.12376
267.11	115.234312
267.214	116.050048
267.316	116.711479
267.42	116.426111
267.522	117.208489
267.625	116.954904
267.727	116.968569
267.829	117.466641
267.931	117.924919
268.033	117.988691
268.133	119.653409
268.234	118.804044
268.334	120.577975
268.434	119.348744
268.534	120.368735
268.634	120.128943
268.734	119.358241
268.835	119.053923
268.936	119.193463
269.036	119.981208
269.136	120.00639
269.243	120.626548
269.343	120.77942
269.45	120.753161
269.551	119.321464
269.651	119.622397
269.751	120.340956
269.852	119.42121
269.952	119.116557
270.053	119.667728
270.153	119.053923
270.254	119.26097
270.355	118.946535
270.455	119.597361
270.556	118.796987
270.657	119.094096
270.758	118.431186
270.86	118.430018
270.961	118.09668
271.062	118.844049
271.164	118.226994
271.265	117.849642
271.367	117.89943
271.469	117.69822
271.571	117.656691
271.674	116.91159
271.776	117.701683
271.877	118.101329
271.98	117.168449
272.082	117.311614
272.185	116.929818
272.288	116.412572
272.391	116.411429
272.494	116.731915
272.597	116.377559
272.7	116.392248
272.803	116.844426
272.906	115.559455
273.01	115.499379
273.115	115.013421
273.219	115.114925
273.323	114.890091
273.427	115.906571
273.532	113.921545
273.638	113.978894
273.742	114.602618
273.848	113.770348
273.953	114.218652
274.059	113.206853
274.165	112.535888
274.272	112.106956
274.378	113.457314
274.484	113.122545
274.592	111.84886
274.698	112.288437
274.805	112.117417
274.913	111.914577
275.021	110.898914
275.129	110.94404
275.229	110.270535
275.337	111.013833
275.437	109.964069
275.538	108.916647
275.638	109.416087
275.739	109.090553
275.84	109.104619
275.942	108.218015
276.043	108.399308
276.145	108.430295
276.246	108.439916
276.349	106.985509
276.45	108.576923
276.552	107.663
276.655	107.349893
276.758	107.049033
276.861	105.915208
276.964	106.867033
277.068	106.684603
277.171	106.342201
277.274	106.525498
277.379	105.117653
277.484	105.116648
277.588	105.347171
277.693	104.405286
277.798	105.040362
277.903	104.354772
278.009	103.89056
278.116	103.457697
278.222	103.423652
278.328	103.517087
278.435	102.909882
278.543	102.120722
278.65	102.402133
278.757	102.759897
278.865	102.522389
278.972	102.788704
279.079	102.885807
279.186	102.70425
279.293	102.856957
279.4	102.596962
279.507	102.663991
279.613	103.302256
279.721	102.414515
279.829	101.988178
279.936	102.651536
280.038	103.304705
280.138	102.344015
280.244	103.445049
280.35	103.50832
280.457	103.010095
280.563	103.729891
280.669	103.776865
280.775	103.89056
280.88	104.372595
280.987	103.610691
281.093	103.38477
281.2	103.088303
281.306	103.355628
281.412	103.528778
281.518	104.046806
281.622	105.7462
281.727	104.613789
281.832	105.26754
281.936	105.976445
282.04	105.156831
282.145	105.007272
282.249	105.257467
282.353	106.254874
282.457	106.008106
282.561	105.206125
282.665	106.158483
282.767	107.377139
282.871	106.330893
282.975	105.841832
283.078	106.815146
283.18	107.149123
283.283	106.931429
283.386	107.185666
283.489	107.009447
283.591	107.751588
283.693	107.586143
283.794	108.343789
283.896	108.621941
283.997	108.319251
284.099	108.013987
284.2	108.873526
284.301	109.08298
284.402	109.373658
284.502	109.558834
284.602	109.924523
284.703	109.006231
284.803	110.141339
284.911	110.494554
285.012	109.776427
285.12	110.845659
285.228	111.462372
285.335	111.486203
285.443	111.684386
285.549	112.51795
285.657	111.576387
285.764	111.602316
285.871	112.587638
285.978	112.010671
286.084	113.03091
286.19	113.934538
286.295	113.42943
286.401	113.925871
286.506	113.917219
286.611	114.564324
286.715	115.330651
286.82	114.20126
286.924	115.383894
287.028	115.183432
287.132	115.373896
287.235	116.069144
287.338	116.915008
287.44	117.633609
287.542	117.337997
287.644	117.603635
287.746	118.237478
287.847	118.107141
287.949	118.390292
288.049	119.178074
288.151	117.669367
288.252	119.440214
288.352	120.305983
288.452	119.55445
288.552	120.615546
288.659	120.743053
288.759	120.122931
288.859	120.264974
288.966	120.804778
289.066	120.342163
289.166	120.279454
289.266	120.207147
289.374	120.40199
289.474	119.534205
289.574	119.762078
289.674	120.42791
289.774	120.240873
289.874	119.225437
289.975	119.55923
290.076	119.012582
290.177	118.683019
290.277	119.444984
290.378	118.502513
290.479	119.673695
290.58	118.915888
290.681	118.131557
290.782	118.721753
290.884	118.513061
290.986	117.537976
291.087	118.917067
291.188	118.237478
291.289	118.767579
291.39	118.487317
291.492	117.789489
291.594	117.462042
291.696	117.764058
291.799	117.396541
291.9	118.202524
292.003	116.767127
292.105	117.734018
292.207	116.999361
292.31	116.633193
292.412	118.011898
292.515	116.259172
292.618	116.187131
292.721	116.35839
292.826	115.17789
292.93	115.033266
293.034	115.558328
293.137	116.001823
293.242	115.120433
293.345	115.718809
293.449	115.250899
293.553	115.470497
293.657	115.433827
293.762	115.057531
293.866	114.646414
293.972	113.304123
294.077	114.168651
294.183	113.494871
294.289	113.500239
294.394	113.546419
294.5	113.105485
294.607	112.615096
294.714	112.531667
294.82	112.591864
294.927	112.482091
295.034	111.595051
295.142	111.279434
295.242	110.805919
295.35	111.056984
295.457	111.242284
295.557	110.875165
295.665	110.24686
295.766	109.105701
295.867	109.341029
295.967	109.459639
296.068	108.874604
296.169	109.507585
296.271	108.148843
296.373	107.917555
296.474	108.399308
296.576	108.01823
296.677	108.199919
296.78	107.674592
296.882	107.734703
296.985	106.88675
297.087	107.235822
297.191	106.509008
297.294	106.289782
297.398	106.231273
297.501	106.437896
297.605	105.326997
297.709	106.184115
297.814	104.341904
297.919	104.835127
298.025	103.811143
298.132	102.913721
298.238	103.991722
298.344	103.627285
298.451	103.314857
298.557	103.176282
298.665	102.341159
298.772	102.146326
298.879	102.702332
298.986	103.14629
299.093	102.998533
299.2	102.807918
299.307	103.069938
299.414	102.383059
299.522	102.24128
299.628	102.880995
299.736	102.61419
299.843	102.96285
299.949	103.339122
300.056	102.75319
300.162	103.739674
300.268	103.376998
300.375	103.67612
300.481	103.624356
300.587	103.662441
300.693	103.725979
300.798	104.294417
300.904	103.999588
301.01	103.700554
301.116	103.568744
301.223	103.639977
301.328	104.434032
301.433	104.775226
301.538	104.411232
301.643	104.635682
301.748	104.918133
301.853	105.351219
301.957	105.676091
302.06	106.080677
302.165	104.975204
302.27	105.092546
302.374	105.342127
302.478	106.46365
302.581	105.999921
302.685	105.720792
302.788	107.085494
302.891	106.932468
302.994	106.585365
303.097	106.820333
303.2	107.189844
303.303	106.455395
303.406	107.176267
303.508	107.253597
303.611	107.355132
303.713	107.394961
303.816	107.477857
303.917	108.297922
304.019	108.384355
304.12	108.62839
304.222	108.064922
304.325	106.810984
304.426	108.83258
304.528	107.578765
304.629	108.809986
304.731	107.715713
304.832	109.298671