0	111.673927
0.108	110.707541
0.215	112.029428
0.323	111.688478
0.43	112.499965
0.537	111.778991
0.644	112.139367
0.751	111.888412
0.858	112.613986
0.964	112.386174
1.071	112.78756
1.177	112.957442
1.283	113.020211
1.388	114.096952
1.494	113.231368
1.6	113.478705
1.705	114.154491
1.809	115.191103
1.914	114.328492
2.019	114.742814
2.123	115.325054
2.227	115.687503
2.33	116.024185
2.434	115.662971
2.538	114.908739
2.641000001	116.42717
2.745000001	116.102764
2.848000001	116.354934
2.949000001	118.337696
3.052000001	117.31385
3.155000001	116.111751
3.257000001	117.611646
3.358000001	118.247891
3.460000001	118.23742
3.561000001	118.694685
3.662000001	118.786345
3.763000001	119.09284
3.863000001	119.991931
3.963000001	119.387883
4.063000001	120.500408
4.164000001	119.314271
4.271000001	120.777772
4.371000001	119.91519
4.479000001	120.729541
4.587000001	120.432036
4.687000001	120.228765
4.793000001	121.694702
4.899000001	122.794757
5.006000001	121.711792
5.112000001	122.552832
5.218000001	122.362485
5.324000001	122.777375
5.430000001	122.675404
5.536000001	122.599062
5.642000001	123.066772
5.747000001	123.851147
5.853000001	123.086595
5.958000001	123.811042
6.062000001	124.148019
6.167000001	124.366553
6.272000001	124.00946
6.376000001	124.931873
6.479000001	125.339003
6.583000001	125.109832
6.687000001	125.449068
6.790000001	125.860785
6.894000001	125.397035
6.997000001	125.58116
7.101000001	125.291906
7.205000001	125.786513
7.307000001	127.247976
7.409000001	127.099945
7.512000002	126.670205
7.614000002	126.500106
7.716000002	127.621486
7.818000002	127.376412
7.920000002	127.517599
8.023000002	126.790041
8.125000002	127.133489
8.227000002	127.009296
8.328000002	129.023646
8.430000002	127.104915
8.532000002	127.98839
8.634000002	127.702975
8.735000002	128.229519
8.837000002	127.491321
8.938000002	128.397963
9.039000002	129.173644
9.140000002	128.185265
9.241000002	129.655473
9.341000002	129.408957
9.443000002	127.528857
9.544000002	128.890606
9.644000002	129.593433
9.745000002	129.058246
9.846000002	128.20674
9.948000002	128.491875
10.048	129.258412
10.149	129.140281
10.25	128.597372
10.351	129.024926
10.451	129.325278
10.551	130.217822
10.652	128.764234
10.753	128.63044
10.854	129.151828
10.954	129.387077
11.055	129.509515
11.162	130.062328
11.263	128.686465
11.364	128.602445
11.465	129.442475
11.565	129.342005
11.665	129.891249
11.766	129.108217
11.867	129.258428
11.967	129.106935
12.067	129.781027
12.167	130.455649
12.268	129.26998
12.368	129.494034
12.469	128.430943
12.571	127.998456
12.671	129.517273
12.773	127.719285
12.874	128.812717
12.975	128.173875
13.077	127.740635
13.179	127.714266
13.281	126.730712
13.383	128.363716
13.485	126.549363
13.588	126.762826
13.691	126.188217
13.793	127.200679
13.896	126.412754
13.999	125.977888
14.102	126.058513
14.205	126.356249
14.308	126.455792
14.411	125.639417
14.515	125.507203
14.618	125.765826
14.722	125.618778
14.826	124.847887
14.93	124.989529
15.034	125.360759
15.138	124.132608
15.243	123.816938
15.349	123.722668
15.454	123.398548
15.559	123.723845
15.666	121.919524
15.772	122.59675
15.878	122.6592
15.984	122.254332
16.091	121.903533
16.197	122.408572
16.303	121.919539
16.403	120.759912
16.51	121.356164
16.617	121.189861
16.717	120.738041
16.825	120.28272
16.932	120.891196
17.032	119.598493
17.133	119.693913
17.233	119.717795
17.333	119.481778
17.434	119.360571
17.535	118.640704
17.636	119.201691
17.738	117.814858
17.841	116.632003
17.942	117.854199
18.044	118.146619
18.147	116.88648
18.249	116.814782
18.353	116.116245
18.456	116.514229
18.559	115.625079
18.664	115.226497
18.767	115.601688
18.871	115.461539
18.976	114.557693
19.081	114.799895
19.185	114.746106
19.291	113.540994
19.396	113.56247
19.503	113.145957
19.609	113.038296
19.715	112.835284
19.822	112.665795
19.929	111.866521
20.035	112.793921
20.143	111.736317
20.25	111.538987
20.358	111.663535
20.465	111.843583
20.573	111.053823
20.681	111.527584
20.789	110.467027
20.889	110.644254
20.989	110.019006
21.098	110.185047
21.198	109.967326
21.298	109.580608
21.399	108.535075
21.501	108.37042
21.602	108.302121
21.703	109.104565
21.805	108.375746
21.906	108.275483
22.008	107.840256
22.11	107.918561
22.21300001	107.324691
22.314	108.111601
22.417	107.252499
22.52	106.610092
22.62300001	106.849321
22.725	107.707223
22.828	107.42952
22.93100001	106.387377
23.03400001	107.338318
23.13700001	106.787084
23.24	105.985571
23.34400001	105.654725
23.448	105.839744
23.55200001	105.633418
23.656	105.765455
23.761	105.628346
23.865	105.355192
23.96900001	105.47642
24.07400001	104.819094
24.17900001	105.068392
24.285	103.91112
24.38900001	105.505758
24.49400001	104.340852
24.59900001	105.596912
24.70400001	104.088108
24.81	104.522287
24.915	104.392343
25.02100001	104.160058
25.12600001	104.572964
25.231	104.86406
25.336	104.079244
25.44300001	103.501442
25.548	104.215308
25.654	104.375517
25.75900001	103.827739
25.865	104.572964
25.97	103.979877
26.07600001	104.470668
26.182	103.847356
26.287	104.634637
26.39300001	103.552108
26.499	104.116679
26.604	104.092035
26.71000001	104.099928
26.816	103.708315
26.92200001	103.99069
27.028	104.048713
27.13400001	103.543347
27.23900001	104.181749
27.34500001	103.755281
27.45100001	104.185696
27.55700001	103.548221
27.66200001	104.555072
27.76800001	104.418108
27.87400001	103.518987
27.97900001	104.564017
28.08500001	104.126535
28.19000001	104.581912
28.29600001	103.962188
28.40100001	104.591856
28.50600001	104.490516
28.61100001	104.803127
28.71700001	104.176816
28.82300001	104.019208
28.92700001	104.86406
29.03200001	105.032275
29.13700001	104.9371
29.24200001	104.500442
29.34700001	105.311821
29.45100001	105.356202
29.55500001	105.566523
29.65900001	106.182001
29.76300001	105.28259
29.86700001	106.079603
29.97100001	106.102113
30.07500001	105.905979
30.17700001	107.44
30.28000001	106.791231
30.38200001	107.558726
30.48500001	107.210686
30.58800001	106.579117
30.69100001	107.384424
30.79300001	107.261899
30.89500001	107.553468
30.99700001	107.932327
31.09900001	108.1456
31.20100001	107.764203
31.30300001	108.428104
31.40400001	108.315984
31.50600001	108.090354
31.60700001	108.885314
31.70700001	109.823486
31.80700001	109.605721
31.90700001	110.010217
32.00800001	109.734744
32.10800001	109.861876
32.21600001	110.481266
32.31600001	110.460926
32.41600001	110.355663
32.52400001	110.618755
32.62400001	110.427659
32.73200001	111.202029
32.83900001	111.972979
32.94600001	112.058734
33.05400001	111.242233
33.16100001	111.447828
33.26800001	112.258959
33.37500001	112.648859
33.48100001	113.485158
33.58700001	112.693291
33.69300001	113.570007
33.79800001	113.694813
33.90300001	114.421154
34.00800001	114.420076
34.11300001	114.567537
34.21700001	114.644155
34.32200001	115.24531
34.42600001	114.42444
34.53000001	115.686387
34.63300001	116.459952
34.73600001	116.225335
34.84000001	116.308682
34.94200001	117.216446
35.04500001	116.986757
35.14700001	117.517199
35.24900001	117.589734
35.35000001	118.204809
35.45200001	118.183839
35.55400001	117.697008
35.65400001	119.198124
35.75500001	118.875777
35.85600001	119.136587
35.95600001	119.667653
36.05700001	119.658122
36.15700001	119.477019
36.25700001	120.362622
36.36500001	120.512419
36.46500001	119.985932
36.57200001	120.544812
36.67200001	121.031521
36.77800001	122.394757
36.88400001	121.871534
36.99100001	122.470845
37.09800001	121.411701
37.20400001	122.055743
37.31000001	122.475474
37.41600001	123.164713
37.52200001	122.655742
37.62800001	122.987601
37.73300001	122.958534
37.83800001	124.223944
37.94300001	123.368086
38.04800001	124.043775
38.15200001	124.573933
38.25700001	123.982258
38.36100001	125.525381
38.46600001	123.612083
38.57000001	125.411552
38.67300001	125.598146
38.77700001	124.861077
38.88100001	124.97511
38.98500001	125.247228
39.08900001	125.673425
39.19200001	126.054846
39.29400001	126.646743
39.39700001	126.117214
39.50000001	126.421374
39.60200001	127.492572
39.70400001	127.558874
39.80600001	127.194456
39.90800001	127.341476
40.01100001	127.044035
40.11400001	126.244587
40.21600001	126.792514
40.31800001	127.265416
40.42000001	127.877584
40.52300001	126.808592
40.62500001	127.238028
40.72600001	128.257336
40.82800001	127.885147
40.93000001	127.357678
41.03100001	128.766768
41.13200001	128.543966
41.23300001	128.229503
41.33400001	128.903387
41.43500001	128.400499
41.53700001	128.59354
41.63800001	128.687755
41.73800001	128.977563
41.84000001	127.90023
41.94100001	129.232729
42.04100001	128.949417
42.14300001	128.245948
42.24400001	128.396694
42.34500001	128.582093
42.44600001	128.82036
42.54600001	129.557287
42.64800001	128.093047
42.74800001	129.271266
42.84900001	129.232729
42.95100001	127.917849
43.05100001	129.322705
43.15200001	128.549051
43.25300001	128.603717
43.35400001	128.77187
43.45500001	129.590849
43.55500001	129.607645
43.65600001	129.099242
43.75800001	127.220596
43.85900001	128.877829
43.96000001	128.104423
44.06100001	128.986521
44.16200001	128.242153
44.26400001	127.28163
44.36600001	128.538867
44.46700001	127.963194
44.56900001	127.291585
44.67100001	127.41886
44.77300001	127.351456
44.87600001	126.86055
44.97800001	127.005574
45.08100001	126.17352
45.18500001	125.799888
45.28700001	126.828387
45.38900001	127.148426
45.49200001	126.729461
45.59500001	126.285057
45.69900001	125.268952
45.80200001	125.863237
45.90600001	124.913866
46.00900001	126.186992
46.11300001	125.562966
46.21700001	124.658732
46.32100001	125.220686
46.42500001	124.585857
46.52900001	124.389162
46.63400001	124.223944
46.73900001	124.471341
46.84400001	123.752112
46.94800001	124.007108
47.05400001	123.696768
47.15900001	123.093573
47.26500001	122.361348
47.37200001	121.987023
47.47800001	122.406282
47.58500001	122.051159
47.69100001	122.400505
47.79700001	122.185389
47.90500001	121.074734
48.01200001	121.069096
48.11200001	120.215516
48.22000001	120.571658
48.32800001	120.518005
48.42800001	118.932315
48.52900001	119.856502
48.62900001	119.809832
48.72900001	120.037542
48.82900001	119.748857
48.93000001	118.543442
49.03100001	118.872229
49.13200001	118.655954
49.23400001	118.236255
49.33500001	118.550454
49.43600001	118.271215
49.53800001	117.665848
49.64000001	117.707384
49.74200001	117.577075
49.84600001	116.173576
49.94800001	116.693249
50.05200001	115.386044
50.15600001	116.018576
50.26000001	115.546033
50.36300001	115.963639
50.46800001	114.726359
50.57200001	114.850437
50.67700001	114.341565
50.78200001	114.384085
50.88800001	113.200379
50.99400001	113.537771
51.10000001	113.380064
51.20700001	112.324107
51.31300001	112.471482
51.42000001	112.641471
51.52700001	112.314646
51.63400001	112.114222
51.74100001	112.065
51.84800001	111.680163
51.95600001	111.042532
52.06400001	111.23089
52.16400001	110.371151
52.27200001	110.774991
52.37200001	109.745692
52.47200001	110.698814
52.57200001	109.75337
52.67200001	109.998103
52.77200001	109.596984
52.87200001	109.906881
52.97300001	109.545687
53.07400001	109.130543
53.17400001	109.055876
53.27700001	107.765258
53.37800001	108.216883
53.47900001	108.867007
53.58200001	107.417967
53.68400001	107.673486
53.78600001	107.628171
53.88900001	107.177259
53.99200001	106.805747
54.09400001	107.051051
54.19600001	107.696665
54.29900001	107.127158
54.40100001	107.472555
54.50400001	106.874236
54.60800001	106.677296
54.71100001	106.760137
54.81300001	106.882543
54.91700001	105.781729
55.02100001	106.121562
55.12500001	105.90394
55.22800001	106.762209
55.33200001	106.02439
55.43600001	105.730891
55.54000001	105.508794
55.64400001	105.908019
55.74800001	105.206062
55.85300001	105.24834
55.95700001	105.652695
56.06200001	104.480591
56.16700001	105.538163
56.27100001	105.486534
56.37600001	105.07341
56.48000001	105.485523
56.58500001	104.84407
56.69000001	104.835077
56.79500001	104.030029
56.90100001	104.536194
57.00600001	104.308201
57.11200001	104.136392
57.21700001	104.62767
57.32300001	103.689741
57.42900001	104.205448
57.53400001	104.342832
57.64000001	104.0684
57.74500001	104.132449
57.85000001	104.878057
57.95600001	103.982814
58.06200001	103.949416
58.16700001	104.064462
58.27300001	104.713325
58.37900001	103.777795
58.48500001	103.485862
58.59100001	103.957263
58.69600001	104.102884
58.80300001	103.32159
58.90800001	104.896072
59.01300001	104.48456
59.11800001	104.159059
59.22500001	103.490743
59.33000001	104.420091
59.43500001	104.47166
59.54000001	104.736257
59.64500001	104.757203
59.75100001	104.574965
59.85600001	103.979865
59.96200001	104.462731
60.06700001	104.55906
60.17200001	104.84407
60.27700001	104.882057
60.38100001	105.26647
60.48500001	105.822435
60.59000001	104.428021
60.69400001	106.442982
60.79800001	105.301739
60.90200001	106.39871
61.00500001	106.572921
61.10900001	106.046877
61.21200001	106.420326
61.31500001	106.663848
61.41800001	106.950091
61.52100001	106.718707
61.62400001	107.222182
61.72600001	107.404333
61.82900001	107.122985
61.93200001	106.438862
62.03500001	106.969839
62.13700001	107.586078
62.23900001	108.22222
62.34000001	108.176443
62.44300001	107.491458
62.54400001	108.226466
62.64600001	108.276535
62.74700001	108.771198
62.84800001	108.933837
62.94900001	108.932759
63.05000001	109.164117
63.15100001	109.098059
63.25100001	109.487898
63.35200001	109.538051
63.46000001	110.37152
63.56000001	110.383334
63.66000001	110.016805
63.76900001	110.505683
63.87600001	111.276274
63.97600001	110.674311
64.08300001	111.730075
64.19100001	111.578384
64.29800001	111.964634
64.40500001	111.897815
64.51200001	112.078606
64.61900001	112.093277
64.72600001	112.885172
64.83200001	112.84803
64.93700001	113.805873
65.04200001	114.385161
65.14700001	114.239243
65.25300001	113.436882
65.35800001	114.58504
65.46300001	114.512872
65.56700001	114.664969
65.67200001	115.003432
65.77600001	115.010045
65.87900001	115.823729
65.98300001	115.460428
66.08600001	116.807974
66.19000001	115.841619
66.29300001	115.848329
66.39600001	117.311542
66.49700001	118.066412
66.59900001	117.632384
66.70100001	118.125685
66.80200001	118.405405
66.90400001	117.803293
67.00600001	118.231595
67.10600001	119.421136
67.20600001	119.977534
67.30600001	120.280585
67.40600001	120.332448
67.51400001	120.032834
67.61400001	119.297665
67.72200001	121.266734
67.83000001	120.283833
67.93700001	120.879969
68.04400001	121.952692
68.15100001	121.228285
68.25800001	121.41282
68.36500001	121.381093
68.47200001	121.84412
68.57800001	122.483537
68.68400001	123.136714
68.78900001	123.212588
68.89500001	122.584019
69.00100001	123.44306
69.10600001	122.858598
69.21200001	122.749538
69.31700001	123.92789
69.42200001	123.768606
69.52700001	124.376072
69.63100001	124.478492
69.73600001	124.052075
69.84000001	125.469636
69.94400001	124.594215
70.04700001	126.270337
70.14900001	126.685017
70.25300001	125.645489
70.35600001	126.409066
70.45900001	126.092748
70.56200001	125.904683
70.66400001	126.954721
70.76800001	125.835201
70.87000001	127.321521
70.97200001	127.134748
71.07500001	126.370973
71.17700001	127.01426
71.27900001	127.492572
71.38200001	126.4718
71.48400001	127.670383
71.58600002	127.03162
71.68700001	128.8919
71.78800001	128.457578
71.89000001	128.185265
71.99100001	128.295308
72.09300002	127.887648
72.19400001	127.98083
72.29600002	128.267459
72.39600002	129.108217
72.49700002	128.619002
72.59800001	129.036453
72.69900001	129.078733
72.79900001	129.638681
72.90000001	128.555391
73.00100002	129.228859
73.10200002	129.181346
73.20200002	128.76806
73.30300001	129.136432
73.40400001	129.291836
73.50400001	129.369035
73.60500001	129.276424
73.70600002	128.56429
73.80600001	129.75512
73.90600001	129.512096
74.00800002	128.184001
74.10900001	129.040295
74.21600001	130.168745
74.31700001	128.432196
74.41700001	129.880867
74.51700002	130.095327
74.61900002	128.254821
74.71900001	129.024926
74.82000002	129.213445
74.92100002	128.902109
75.02200001	128.729807
75.12400002	127.89268
75.22500001	128.170084
75.32500002	129.31243
75.42700002	128.460116
75.52800002	128.54268
75.62900001	128.282648
75.73100002	127.975791
75.83200001	128.980122
75.93400002	127.203168
76.03600001	127.269154
76.13800001	127.670383
76.23900002	128.371321
76.34100002	127.388894
76.44300002	127.149654
76.54600002	126.988205
76.64800002	127.108628
76.75100002	126.697364
76.85300002	127.132262
76.95600002	125.969343
77.05800002	126.923718
77.16100002	126.569076
77.26300002	127.242994
77.36700002	125.399455
77.47000002	126.237231
77.57300002	126.122108
77.67600002	125.846179
77.78000002	125.084537
77.88500002	124.547661
77.98900002	124.423688
78.09400002	124.087583
78.19800002	124.479684
78.30300002	124.233441
78.40800002	123.867683
78.51300002	123.990535
78.61700002	124.414162
78.72200002	123.468853
78.82800002	123.022517
78.93400002	122.418961
79.04000002	122.580552
79.14700002	122.278481
79.25400002	121.292743
79.36100002	121.215851
79.46800002	122.050013
79.57400002	122.342923
79.68100002	120.965439
79.78100002	120.392812
79.88100002	120.081986
79.98100002	120.125261
80.08100002	120.267324
80.18800002	120.539237
80.28900002	119.403312
80.38900002	119.953548
80.49000002	118.681787
80.59100002	118.476715
80.69200002	118.889895
80.79400002	118.414767
80.89500002	118.315512
80.99700002	118.122197
81.09900002	117.3758
81.20200002	116.981055
81.30400002	116.681902
81.40700002	116.542504
81.51100002	115.982693
81.61400002	116.183699
81.71700002	116.016333
81.82200002	114.591606
81.92700002	114.915327
82.03000002	116.140969
82.13500002	114.227282
82.24000002	114.272967
82.34500002	113.980992
82.45100002	113.493731
82.55700002	113.648525
82.66200002	113.694813
82.76900002	112.634057
82.87600002	112.308339
82.98200002	113.003169
83.08700002	113.666812
83.19500002	111.831075
83.30200002	112.223264
83.40800002	112.317786
83.51600002	111.551429
83.62400002	111.493389
83.73200002	111.184501
83.83900002	111.398168
83.93900002	110.263834
84.03900002	110.331297
84.14700002	110.400967
84.24800002	109.393169
84.34800002	109.486808
84.44900002	109.715043
84.54900002	109.453049
84.65000002	109.509698
84.75000002	109.203118
84.85100002	109.686598
84.95200002	108.381098
85.05300002	108.935995
85.15500002	108.099901
85.25600002	108.772274
85.35800002	108.010739
85.46000002	107.791659
85.56200002	108.061671
85.66400002	107.731485
85.76500002	108.130717
85.86700002	107.846613
85.97000002	106.894994
86.07400002	106.062215
86.17600002	107.753646
86.27900002	107.307939
86.38200002	106.529573
86.48500002	106.63801
86.58900002	106.116443
86.69200002	106.570856
86.79500002	106.36886
86.89900002	106.383275
87.00300002	105.827525
87.10600002	106.476983
87.21000002	105.912098
87.31400002	105.199019
87.41900002	105.488558
87.52300002	105.312829
87.62800002	104.915068
87.73200002	105.672995
87.83700002	105.242298
87.94100002	105.304763
88.04600002	105.234244
88.15000002	105.146729
88.25400002	105.545239
88.36000002	104.573958
88.46500002	104.521307
88.57000002	104.77716
88.67600002	103.879706
88.78000002	105.234256
88.88500002	105.151755
88.99000002	104.224195
89.09500002	104.6914
89.20100002	104.100914
89.30700002	103.972002
89.41300002	103.841461
89.51800002	105.004202
89.62200002	105.063374
89.72800002	104.458775
89.83300002	104.172869
89.93800002	104.890058
90.04400002	103.891492
90.14900002	104.959115
90.25400002	104.71831
90.35800002	105.129646
90.46300002	105.129646
90.56800002	104.435953
90.67400002	104.350763
90.77800002	105.75122
90.88300002	105.05635
90.98800002	104.712328
91.09200002	104.860061
91.19700002	104.916069
91.30200002	105.579695
91.40500002	105.824471
91.51000002	105.392541
91.61400002	105.862153
91.71800002	105.270499
91.82200002	106.07142
91.92600002	105.39759
92.03000002	106.548146
92.13400002	105.708537
92.23700002	106.344192
92.34000002	107.08857
92.44300002	106.518225
92.54600002	106.405914
92.65000002	106.375044
92.75300002	106.561552
92.85600002	107.166817
92.95800002	107.731485
93.06100002	106.932416
93.16300002	107.437902
93.26500002	107.8519
93.36700002	107.71777
93.46900002	108.325584
93.57000002	108.376827
93.67200002	108.339454
93.77300002	108.493339
93.87400002	108.90364
93.97600002	108.311718
94.07700002	108.759368
94.17700002	110.133564
94.27700002	109.964014
94.38500002	110.428398
94.48500002	110.557514
94.59300002	110.592249
94.69300002	110.313594
94.79300002	109.665821
94.90100002	111.139205
95.00900002	111.27937
95.11700002	111.37232
95.22400002	111.85608
95.33200002	111.565949
95.43900002	112.372492
95.54600002	111.972979
95.65200002	112.543224
95.75800002	113.220685
95.86400002	113.467975
95.97000002	112.818311
96.07700002	112.958506
96.18200002	113.873911
96.28700002	114.094796
96.39200002	114.830654
96.49600002	115.420448
96.60100002	114.492114
96.70500002	115.121483
96.80800002	116.653545
96.91200002	115.136946
97.01600002	115.593893
97.11800002	116.924064
97.22100002	116.29517
97.32400002	117.052943
97.42700002	116.683037
97.52900002	117.167219
97.63100002	117.460834
97.73300002	118.173365
97.83500002	117.851899
97.93700002	117.898214
98.03800002	118.671209
98.13800002	119.173265
98.23900002	119.260925
98.34000002	118.998361
98.44000002	120.104821
98.54000002	119.987131
98.64000002	119.709435
98.74800002	120.913698
98.85500002	121.309735
98.96200002	120.590672
99.06900002	122.021373
99.17600002	121.501345
99.28200002	122.355575
99.38800002	123.252306
99.49400002	122.53549
99.60000002	122.625661
99.70500002	123.701476
99.81000002	123.246449
99.91600002	122.989942
100.021	124.116016
100.126	123.505216
100.232	123.155393
100.336	124.772395
100.44	124.539309
100.545	124.213261
100.649	124.787965
100.753	125.490242
100.856	125.927855
100.96	125.447858
101.064	124.352277
101.167	126.016966
101.27	125.965681
101.373	126.16126
101.475	127.412616
101.578	126.686252
101.68	127.18573
101.783	126.107426
101.887	126.054846
101.989	126.755426
102.091	127.979555
102.192	127.842388
102.294	127.510079
102.396	128.094325
102.497	128.012336
102.598	128.911056
102.699	128.324436
102.8	129.007017
102.901	129.015963
103.002	128.836973
103.103	128.309237
103.204	128.717045
103.305	128.74383
103.406	128.922562
103.506	129.731812
103.606	129.70463
103.707	129.856217
103.814	130.298374
103.914	129.445037
104.014	130.081024
104.114	130.10965
104.215	129.624446
104.315	129.519838
104.415	130.256964
104.515	129.195468
104.615	129.838076
104.716	129.457927
104.816	130.170882
104.923	130.583981
105.023	130.301354
105.123	129.72275
105.223	130.187828
105.323	130.114859
105.423	130.2113
105.53	130.399105
105.63	130.195652
105.737	130.302012
105.837	130.467432
105.944	130.939387
106.05	131.200743
106.15	130.563086
106.25	129.575365
106.35	129.883462
106.45	130.803493
106.556	131.596618
106.656	130.47267
106.757	129.027488
106.857	129.150545
106.957	129.753825
107.057	130.094025
107.157	129.974379
107.258	129.69169
107.358	129.022365
107.458	130.66676
107.558	129.300838
107.659	129.095412
107.761	128.104407
107.862	128.358662
107.963	128.796111
108.064	128.43981
108.166	128.050164
108.267	127.696718
108.37	127.024173
108.471	128.64955
108.572	128.437272
108.675	126.765314
108.777	126.545652
108.88	126.638122
108.983	126.524729
109.085	126.524729
109.188	126.861788
109.291	126.291191
109.395	124.784372
109.498	126.10865
109.602	125.572669
109.705	125.345045
109.81	124.060347
109.914	125.264124
110.018	124.384402
110.123	123.979908
110.228	124.106537
110.333	123.287358
110.439	123.279174
110.544	123.649721
110.65	122.361334
110.756	122.859759
110.863	121.820129
110.969	122.944579
111.075	122.191117
111.182	121.463883
111.289	121.187587
111.396	121.66509
111.503	121.449131
111.603	120.027937
111.711	120.754212
111.811	119.431833
111.912	119.503195
112.012	119.241964
112.113	118.938209
112.214	118.774573
112.316	118.014161
112.417	119.13777
112.518	118.216454
112.62	117.903991
112.722	117.303529
112.825	116.342525
112.928	116.502903
113.031	116.331247
113.132	117.31191
113.24	116.30569
113.344	115.335016
113.448	115.392701
113.552	115.702003
113.656	114.559881
113.762	113.646359
113.867	113.576456
113.97	114.026481
114.075	114.049239
114.181	113.431521
114.287	113.116081
114.393	113.524868
114.499	112.448309
114.606	112.747291
114.713	111.698875
114.82	111.974024
114.928	111.364052
115.035	111.789404
115.144	110.980914
115.251	111.128899
115.351	110.932135
115.459	110.855835
115.567	110.496525
115.667	110.11372
115.767	110.926542
115.867	109.295346
115.967	110.169965
116.068	109.247585
116.169	109.145689
116.278	109.974
116.379	109.026705
116.479	109.027772
116.581	108.541501
116.682	108.793776
116.782	109.308392
116.884	108.107338
116.986	108.087155
117.087	108.975939
117.189	107.963034
117.291	107.67981
117.393	107.953499
117.495	107.482006
117.598	107.400138
117.701	106.891891
117.803	107.052093
117.906	107.11254
118.009	106.483167
118.112	107.232634
118.215	106.883569
118.318	106.269194
118.422	106.407973
118.525	106.377102
118.629	105.722748
118.733	106.270221
118.836	106.390477
118.94	106.189176
119.043	106.276368
119.146	106.610105
119.25	106.341108
119.354	105.923316
119.458	105.838726
119.561	106.559487
119.665	105.544226
119.768	106.242508
119.873	105.26244
119.977	106.190201
120.081	105.169851
120.185	105.723777
120.289	105.595899
120.394	104.837075
120.499	105.283585
120.603	105.241291
120.707	105.610092
120.811	106.572921
120.915	105.361247
121.02	105.040299
121.124	105.296699
121.229	105.464284
121.333	105.67198
121.437	105.507782
121.541	105.680101
121.645	105.520939
121.75	105.005204
121.854	105.887629
121.959	104.757203
122.063	105.786815
122.167	105.821416
122.27	106.277408
122.374	106.324662
122.477	106.317469
122.581	106.141018
122.684	106.247626
122.788	106.529573
122.891	106.693864
122.994	106.875274
123.097	106.247639
123.2	106.524415
123.303	106.937601
123.406	107.105253
123.509	106.763245
123.611	107.582908
123.714	107.146984
123.816	107.647143
123.918	107.711428
124.02	108.355475
124.121	108.506168
124.223	107.573452
124.325	108.784093
124.426	108.217961
124.527	108.961893
124.628	108.859452
124.729	108.616538
124.83	108.933837
124.931	109.745692
125.031	110.045421
125.139	110.233631
125.239	110.653158
125.347	110.945002
125.455	111.191725
125.555	110.376688
125.662	111.266988
125.762	110.181
125.87	111.300012
125.977	111.997028
126.084	112.353541
126.192	111.40127
126.299	112.412494
126.406	111.854008
126.513	112.412481
126.619	112.774853
126.725	113.079839
126.831	113.833956
126.937	113.173688
127.042	113.646359
127.148	113.774595
127.253	113.912826
127.358	114.552225
127.462	115.379387
127.566	115.019966
127.67	115.813669
127.773	116.366218
127.876	115.872939
127.98	115.871806
128.083	116.209578
128.186	116.506311
128.289	116.352678
128.393	116.202826
128.494	117.792885
128.596	117.649697
128.698	117.894724
128.8	117.522954
128.902	117.714312
129.004	117.857686
129.105	118.736965
129.205	119.582984
129.306	119.49488
129.406	119.561538
129.506	120.435102
129.606	120.107226
129.706	120.119248
129.813	120.759821
129.913	120.990031
130.019	122.014516
130.125	122.372852
130.232	122.105054
130.338	121.889803
130.445	121.695841
130.551	122.433935
130.657	123.122733
130.763	122.896912
130.868	123.179899
130.974	123.548645
131.079	123.652059
131.183	124.585857
131.288	123.403233
131.392	125.343822
131.496	125.126676
131.6	124.591827
131.704	125.545989
131.808	124.921069
131.911	125.545989
132.015	126.073168
132.117	126.92993
132.22	125.955918
132.323	126.613454
132.425	127.22058
132.527	126.951002
132.63	126.39186
132.733	126.543203
132.835	127.067644
132.937	127.388878
133.039	128.295324
133.139	129.117193
133.241	127.687923
133.343	127.82856
133.444	128.254805
133.545	129.632201
133.645	129.008281
133.746	128.663556
133.848	128.476621
133.948	129.559853
134.048	129.447615
134.149	129.363902
134.256	130.94672
134.356	130.107046
134.463	130.501209
134.563	129.98216
134.663	130.259575
134.763	129.685222
134.863	129.796576
134.964	129.44117
135.071	130.396676
135.171	129.72275
135.278	131.122115
135.378	130.281767
135.485	130.527976
135.592	130.88918
135.699	130.727865
135.805	131.465629
135.905	130.33924
136.005	130.100535
136.112	131.097558
136.219	131.147894
136.326	130.580327
136.433	130.9847
136.539	131.557062
136.646	131.208121
136.752	131.711773
136.858	132.403091
136.964	131.36819
137.064	131.202173
137.17	131.384202
137.277	131.213055
137.383	131.777465
137.489	131.820893
137.589	130.741665
137.696	130.677835
137.796	129.908122
137.903	130.592492
138.01	130.895315
138.11	129.978245
138.216	131.602819
138.316	130.791649
138.416	130.014659
138.516	130.216501
138.623	130.243826
138.723	130.698288
138.823	129.949677
138.923	129.739564
139.023	129.864
139.124	128.963488
139.224	129.870487
139.325	128.328236
139.427	127.950599
139.528	128.813978
139.629	128.367518
139.73	128.620258
139.831	129.343292
139.932	127.730579
140.035	127.060192
140.136	127.649055
140.238	127.836087
140.34	127.204397
140.443	127.188234
140.545	126.775188
140.648	126.924957
140.75	126.746775
140.853	126.298537
140.957	125.404293
141.059	126.698583
141.163	125.810845
141.266	125.214656
141.37	125.126676
141.475	124.188343
141.58	124.119572
141.685	123.755646
141.789	124.66828
141.893	125.027996
141.998	124.08403
142.103	123.653235
142.208	123.413762
142.314	123.240607
142.42	122.837688
142.526	122.56092
142.631	123.199729
142.738	121.510417
142.845	121.659397
142.952	121.421892
143.06	120.749726
143.168	120.49343
143.276	120.183738
143.376	120.083188
143.476	120.163753
143.576	120.009931
143.677	118.793386
143.777	119.528192
143.878	118.983022
143.979	118.350534
144.081	118.250222
144.182	117.966581
144.284	118.361025
144.386	117.536767
144.488	117.645069
144.59	117.466569
144.692	117.316144
144.795	116.474633
144.899	116.292916
145.002	115.581646
145.106	115.477094
145.21	115.150204
145.315	115.059655
145.419	114.873525
145.524	114.662791
145.628	114.999009
145.734	113.629154
145.839	113.950686
145.945	113.202514
146.051	113.022327
146.157	113.160895
146.264	112.833162
146.37	112.667897
146.476	113.285885
146.583	111.946864
146.69	112.103735
146.798	111.149499
146.905	112.178154
147.013	111.525498
147.121	111.078508
147.225	111.122738
147.333	111.108321
147.437	110.668744
147.537	110.712184
147.637	109.923356
147.737	109.902489
147.842	110.824084
147.942	110.254992
148.042	109.928849
148.142	109.871752
148.243	108.61009
148.344	109.06777
148.444	109.837742
148.545	109.31381
148.646	108.865917
148.748	108.021346
148.849	108.331999
148.951	108.487976
149.052	108.252027
149.154	108.690577
149.255	108.205187
149.356	109.043984
149.458	108.132843
149.56	107.667162
149.662	108.359732
149.764	107.398041
149.867	107.085442
149.97	106.850359
150.072	107.568179
150.175	106.998986
150.277	107.054164
150.38	107.339366
150.483	106.963598
150.586	106.828567
150.688	107.617641
150.791	106.393564
150.894	107.244121
150.997	107.077103
151.1	106.383262
151.203	106.683516
151.307	106.420326
151.41	106.416195
151.513	106.316441
151.617	106.273301
151.72	106.491401
151.823	106.460495
151.927	105.987614
152.028	106.416195
152.131	106.107231
152.239	107.249448
152.343	106.170714
152.446	107.018765
152.549	106.058124
152.653	105.850947
152.754	106.387377
152.857	106.269194
152.96	106.810933
153.064	106.244547
153.167	106.269194
153.27	106.532668
153.374	106.303072
153.476	107.562933
153.578	107.508254
153.681	106.820268
153.785	106.15637
153.888	107.150115
153.991	106.805734
154.093	106.985457
154.196	107.394895
154.298	107.769482
154.4	107.764189
154.502	108.114789
154.605	106.850346
154.706	108.40031
154.808	107.95775
154.91	107.833913
155.012	108.382153
155.114	107.591339
155.215	108.752903
155.315	109.498797
155.416	109.109963
155.517	109.621013
155.618	108.842218
155.718	109.565327
155.819	109.068852
155.92	109.195529
156.02	109.858585
156.12	110.217431
156.228	110.272124
156.328	109.901377
156.429	109.814715
156.537	110.277191
156.637	111.086734
156.744	111.666653
156.852	111.126841
156.959	111.680163
157.059	110.890758
157.165	112.495733
157.273	111.833147
157.379	112.493637
157.486	112.530546
157.593	112.533712
157.698	113.361869
157.804	113.366139
157.91	113.069184
158.016	113.41757
158.121	114.644155
158.226	114.284939
158.33	115.593893
158.434	115.257486
158.538	114.865828
158.642	115.203267
158.746	115.348319
158.85	115.310647
158.954	115.715392
159.057	116.383146
159.16	116.705719
159.263	116.812522
159.365	117.040371
159.467	117.645084
159.569	117.551721
159.672	117.187829
159.774	117.65199
159.875	118.933494
159.976	118.333013
160.077	119.282264
160.177	119.751247
160.285	120.802449
160.385	119.803851
160.492	121.070224
160.592	120.226356
160.692	119.67004
160.792	120.508879
160.899	121.443444
161.006	120.942946
161.113	121.374279
161.22	122.126848
161.326	122.506622
161.432	123.086581
161.538	122.281917
161.644	122.908546
161.749	122.857423
161.855	123.224253
161.96	123.87475
162.065	123.931434
162.169	124.405828
162.274	123.839348
162.378	125.260503
162.482	125.012366
162.586	125.392197
162.69	125.132698
162.793	125.774328
162.897	125.37043
163.001	124.705369
163.104	125.89249
163.207	126.256847
163.309	128.02871
163.412	125.548414
163.514	127.229296
163.616	127.777031
163.718	127.548877
163.82	127.896455
163.921	128.166293
164.022	128.484239
164.124	128.210549
164.225	128.39541
164.325	129.357449
164.427	128.202947
164.527	129.730517
164.628	129.033891
164.728	129.491455
164.828	130.221735
164.928	130.581447
165.028	129.912017
165.135	130.4781
165.236	129.105653
165.336	129.69169
165.436	129.642543
165.536	130.656254
165.642	131.140523
165.749	131.839513
165.855	131.168798
165.955	130.733776
166.062	130.478085
166.169	131.457004
166.275	130.998182
166.375	130.612934
166.481	132.386831
166.587	131.130697
166.694	131.553338
166.8	131.925251
166.907	131.147894
167.013	131.354632
167.12	131.37064
167.225	132.549759
167.332	131.677071
167.438	131.801052
167.544	131.698129
167.651	131.710519
167.756	132.805007
167.862	132.141917
167.968	131.53727
168.074	132.282991
168.18	131.904105
168.286	132.060895
168.393	131.585486
168.499	131.963785
168.605	131.801052
168.711	131.737785
168.818	131.574372
168.923	132.909652
169.029	132.029744
169.136	131.515044
169.242	130.983474
169.349	131.866833
169.455	131.537286
169.555	130.411154
169.662	130.758374
169.769	130.845157
169.875	131.84448
169.982	130.690019
170.089	131.14791
170.195	132.072092
170.295	129.720161
170.395	129.891249
170.495	130.002958
170.596	129.518547
170.696	129.642543
170.797	128.905959
170.897	129.630908
170.997	129.727912
171.097	129.531452
171.199	128.467733
171.299	129.625738
171.399	129.457927
171.501	128.105685
171.602	128.40302
171.704	127.641535
171.805	128.4817
171.906	128.264928
172.008	128.067825
172.11	127.165824
172.212	127.467586
172.316	125.829111
172.418	127.185745
172.52	126.946028
172.623	126.712183
172.727	125.260488
172.83	125.521745
172.933	125.808425
173.037	125.243608
173.141	125.655189
173.245	124.355846
173.35	123.969252
173.455	124.188343
173.56	123.636771
173.665	123.609732
173.771	123.01671
173.877	122.382068
173.983	122.920153
174.089	121.740273
174.196	122.193428
174.302	122.773882
174.409	121.301811
174.517	120.851862
174.624	121.247506
174.731	121.065699
174.831	120.717393
174.931	119.631863
175.031	119.702271
175.132	119.091658
175.232	119.207597
175.333	119.390244
175.434	118.459172
175.535	118.714662
175.637	118.323679
175.739	117.707384
175.841	117.563252
175.943	117.653143
176.045	117.97006
176.148	116.485954
176.25	117.512582
176.353	116.454301
176.456	116.271493
176.559	116.525543
176.663	115.499323
176.767	115.181152
176.871	115.702003
176.975	115.182257
177.079	114.745009
177.184	114.262087
177.289	115.124796
177.394	113.551724
177.5	113.915002
177.606	113.236698
177.712	112.977635
177.818	113.203596
177.923	113.707741
178.03	112.678477
178.137	112.372492
178.243	112.512623
178.351	111.612632
178.458	112.317799
178.564	112.936167
178.671	111.870692
178.779	110.991179
178.887	111.133029
178.987	110.540849
179.095	110.587153
179.195	110.87511
179.303	110.347161
179.403	110.691002
179.511	110.454825
179.611	110.213014
179.711	109.802671
179.812	109.675662
179.913	108.910109
180.013	109.027772
180.114	109.130543
180.216	108.658368
180.316	109.512968
180.417	109.297531
180.517	109.131612
180.618	109.296432
180.719	108.718508
180.82	108.686295
180.921	108.989963
181.023	108.10415
181.125	107.871996
181.226	108.654075
181.329	107.295392
181.43	108.556497
181.532	107.822286
181.634	107.505115
181.737	107.661893
181.839	107.396992
181.941	107.424275
182.044	106.924088
182.147	106.759101
182.25	107.67454
182.351	108.241375
182.453	108.115852
182.556	106.970879
182.658	107.408541
182.761	107.434754
182.864	106.680412
182.967	106.871121
183.07	106.659724
183.173	106.651438
183.276	106.834792
183.378	107.337271
183.481	106.862802
183.585	106.469769
183.688	106.432682
183.791	106.933456
183.894	106.538846
183.997	107.219046
184.1	106.189176
184.203	107.406443
184.305	106.930324
184.409	106.745633
184.511	107.051051
184.614	106.740453
184.717	107.169937
184.818	108.36188
184.92	107.880446
185.023	107.06147
185.126	107.296425
185.228	107.484106
185.331	107.337271
185.433	107.587117
185.535	107.124028
185.638	107.291206
185.74	107.585012
185.842	108.52331
185.943	108.517943
186.045	107.910092
186.146	108.296789
186.247	109.036418
186.349	107.65241
186.45	109.083994
186.551	109.027772
186.652	109.319255
186.752	109.685504
186.853	109.367065
186.961	110.349191
187.062	109.622105
187.17	110.49856
187.27	110.26715
187.37	110.194245
187.47	110.132462
187.57	110.325764
187.677	111.245327
187.777	110.643141
187.884	111.655224
187.992	111.421958
188.099	111.678084
188.206	112.931916
188.312	113.111829
188.418	112.620315
188.524	113.32547