0	104.956174
0.104	105.695396
0.208	106.062279
0.311	106.928324
0.414	106.783002
0.517	106.756057
0.62	106.726019
0.723	107.099061
0.825	107.190902
0.928	107.66512
1.031	105.93052
1.134	107.081338
1.236	107.941912
1.338	107.733661
1.44	108.237195
1.541	108.329932
1.643	108.159491
1.745	108.277681
1.846	108.454897
1.946	109.763282
2.047	108.932826
2.148	109.05812
2.248	109.635285
2.349	109.087307
2.449	110.329153
2.557	110.853863
2.665	111.217553
2.773	111.050817
2.881	111.086811
2.989	110.810857
3.089	110.904244
3.196	111.94381
3.302	112.559124
3.409	112.996864
3.515	112.993672
3.621	112.597146
3.727	113.150292
3.833	113.747701
3.938	114.569793
4.043	114.167592
4.147	115.015625
4.251	115.0465
4.356	114.788996
4.459	116.103958
4.563	115.492723
4.667	115.952504
4.77	116.658152
4.872	116.954904
4.974	117.764072
5.077	117.065561
5.18	116.117453
5.283	115.990611
5.386	116.590146
5.489	116.456632
5.592	117.363258
5.695	116.378702
5.798	116.692185
5.901	116.544853
6.003	116.600342
6.106	117.064434
6.209	116.342596
6.313	115.972675
6.416	116.320041
6.519	115.636291
6.623	116.161276
6.727	115.689803
6.83	116.083755
6.933	116.438552
7.038	114.707784
7.141	115.878604
7.245	115.447168
7.35	114.862612
7.454	115.383894
7.557	115.704304
7.662	114.049306
7.766	115.968206
7.87	115.095052
7.975	114.479075
8.08	113.866428
8.185	114.780198
8.291	113.574374
8.395	115.381689
8.5	113.383345
8.607	112.752667
8.712	114.034147
8.817	113.912907
8.924	112.806711
9.03	112.726188
9.137	112.591864
9.242	113.574374
9.349	112.551734
9.456	111.832183
9.564	111.680228
9.671	111.589876
9.779	111.252623
9.887	111.707258
9.994	111.298012
10.102	111.386858
10.202	110.444359
10.302	110.314769
10.411	110.093132
10.511	109.143591
10.611	109.93441
10.712	109.758915
10.812	109.374746
10.912	110.082934
11.013	109.497775
11.113	109.232464
11.215	108.418553
11.316	109.094881
11.418	107.849851
11.52	107.830808
11.621	108.116981
11.723	108.023534
11.826	107.040699
11.928	108.116967
12.031	106.792332
12.133	107.185679
12.237	106.138009
12.341	105.188016
12.446	105.284668
12.55	105.373434
12.655	105.266532
12.76	104.58794
12.865	104.605855
12.97	104.523343
13.076	104.003533
13.182	104.075354
13.287	104.501509
13.394	103.314869
13.5	103.772961
13.606	103.107629
13.714	102.431693
13.821	102.482272
13.928	102.326878
14.036	102.097038
14.144	101.825806
14.253	100.90203
14.353	100.607
14.462	100.201656
14.562	100.221828
14.662	100.197728
14.762	100.412028
14.862	99.5137138
14.962	99.6813561
15.064	98.7687
15.165	99.0936277
15.265	99.2293354
15.366	99.4394968
15.466	99.6128422
15.567	99.0151459
15.668	99.2716809
15.769	99.4365305
15.869	99.1221126
15.97	99.8635365
16.07	99.7320574
16.171	99.2805511
16.271	99.6644671
16.372	99.0073033
16.472	99.8316215
16.572	99.8994387
16.672	100.12349
16.772	99.8625392
16.873	99.6813561
16.982	100.334181
17.091	100.786467
17.191	99.936378
17.291	100.448339
17.391	100.285161
17.5	100.454201
17.6	100.601939
17.7	100.00635
17.808	101.129304
17.917	101.226101
18.026	101.177674
18.135	100.612248
18.243	101.863512
18.351	101.437063
18.459	101.778687
18.567	101.924874
18.675	101.964544
18.783	102.034534
18.891	102.196647
18.999	101.96927
19.106	102.188091
19.213	102.599845
19.32	103.080575
19.427	103.117294
19.533	103.759257
19.639	103.276069
19.745	103.691769
19.851	104.16208
19.957	104.196626
20.063	103.470361
20.168	104.957175
20.273	104.239084
20.379	103.887629
20.485	104.273656
20.59	104.470742
20.694	105.819444
20.798	105.253451
20.902	106.058188
21.007	105.152823
21.111	105.969299
21.214	106.043874
21.318	106.252847
21.421	106.558532
21.524	106.268232
21.628	106.37408
21.731	106.364823
21.833	108.28834
21.935	107.582974
22.038	107.286039
22.14	107.336289
22.241	109.006245
22.342	108.7175
22.443	109.010566
22.544	108.539426
22.645	108.987884
22.746	109.649492
22.846	109.378008
22.946	109.811495
23.046	110.199834
23.154	111.225813
23.262	111.467562
23.37	110.659622
23.47	110.79812
23.576	113.14069
23.682	112.363075
23.79	111.747828
23.896	112.849158
24.002	112.979842
24.108	113.331945
24.214	113.300927
24.32	113.756328
24.424	114.432133
24.528	115.618465
24.633	114.783492
24.738	114.555588
24.842	114.713267
24.945	116.254681
25.049	116.103958
25.152	116.079249
25.255	116.647946
25.358	116.427255
25.461	116.231034
25.565	115.442725
25.669	116.18602
25.771	116.634341
25.873	117.597872
25.977	115.977158
26.08	116.82624
26.183	116.461153
26.286	115.972675
26.389	116.460023
26.493	115.163535
26.597	115.781333
26.7	116.550513
26.804	115.800327
26.908	115.456068
27.012	115.347294
27.115	116.196145
27.219	114.699013
27.324	115.253127
27.428	114.852718
27.532	115.542765
27.636	115.34175
27.74	115.631834
27.845	114.139358
27.95	114.574182
28.054	114.408131
28.159	114.659559
28.264	114.45725
28.369	113.944261
28.475	113.150292
28.581	113.114028
28.687	113.93562
28.792	113.969151
28.897	113.958342
29.004	112.844913
29.11	112.947927
29.217	112.005457
29.324	112.468399
29.43	112.674324
29.538	111.819678
29.644	112.601372
29.752	111.676071
29.858	112.919244
29.966	111.274275
30.073	111.911446
30.18	111.961565
30.288	111.49449
30.388	109.90695
30.488	110.055399
30.596	110.485411
30.696	110.555361
30.796	109.517398
30.896	110.088442
30.996	110.740118
31.096	109.804918
31.197	108.497673
31.298	109.114373
31.399	109.021356
31.501	107.926039
31.602	108.818597
31.703	108.393981
31.805	108.116967
31.907	108.357677
32.009	107.058397
32.112	107.100104
32.215	106.401861
32.318	107.17628
32.421	107.05841
32.524	106.396716
32.628	105.8449
32.732	106.000955
32.836	105.702506
32.941	105.040362
33.045	105.266545
33.15	104.553147
33.255	104.761256
33.36	105.294759
33.466	103.830741
33.572	103.205335
33.678	104.281576
33.784	103.217912
33.892	102.510924
33.999	102.910845
34.106	102.509968
34.213	102.789677
34.32	102.277404
34.429	101.772107
34.538	100.822494
34.647	100.862258
34.756	100.72649
34.856	100.389851
34.964	101.035487
35.065	99.5048019
35.165	99.5820913
35.266	99.2894352
35.366	99.6465909
35.467	99.3723024
35.568	99.4642359
35.668	99.6515559
35.768	99.936378
35.869	99.393044
35.969	99.56821
36.07	99.4573112
36.17	99.1702795
36.27	100.313316
36.37	99.7718592
36.471	99.4019358
36.572	98.9690885
36.672	99.9104178
36.773	99.4226897
36.882	100.510203
36.982	100.076396
37.082	100.334452
37.182	100.10144
37.29	101.052194
37.391	99.8146816
37.491	99.7429997
37.591	100.303254
37.699	101.085625
37.808	100.894637
37.917	101.120008
38.026	101.2988
38.135	101.014159
38.244	100.984472
38.352	101.437052
38.46	101.599147
38.568	101.633868
38.677	101.730682
38.784	102.588363
38.892	101.531616
39	102.336398
39.107	102.335446
39.215	101.92864
39.322	102.5721
39.43	101.927696
39.537	103.407136
39.643	102.938773
39.75	103.193704
39.856	103.741643
39.962	103.964215
40.068	103.751415
40.173	104.887133
40.278	104.713388
40.384	103.741643
40.49	103.654627
40.595	104.586958
40.7	104.87412
40.804	105.482552
40.909	105.363329
41.013	105.333073
41.118	105.380488
41.221	105.808248
41.325	106.675304
41.429	105.847955
41.532	106.195391
41.635	106.891943
41.738	107.15018
41.84	107.443227
41.942	107.886874
42.044	108.226532
42.146	107.844565
42.247	108.14354
42.349	108.650922
42.45	108.638059
42.551	108.291525
42.653	108.626245
42.753	109.626557
42.854	109.336695
42.954	109.955289
43.054	109.85207
43.154	109.627636
43.254	110.408886
43.362	111.243328
43.47	110.984057
43.578	111.179427
43.685	112.175074
43.792	111.779056
43.898	113.099103
44.005	112.192903
44.111	113.13109
44.217	113.406919
44.323	113.061807
44.428	114.659559
44.534	113.471274
44.639	114.081834
44.743	115.558342
44.847	114.798865
44.951	114.984767
45.055	115.383894
45.159	116.308767
45.262	116.108451
45.365	116.711479
45.468	116.495057
45.57	117.174169
45.672	117.653215
45.775	116.612806
45.877	117.238277
45.98	117.189031
46.082	117.362111
46.185	116.564098
46.288	116.64908
46.391	116.965149
46.493	117.058724
46.596	116.599209
46.699	116.671763
46.802	116.591265
46.905	115.814856
47.009	115.359505
47.113	116.108451
47.217	115.389442
47.321	115.496058
47.424	115.772397
47.528	115.181221
47.632	115.962589
47.735	116.013038
47.839	115.710998
47.943	114.888991
48.048	115.086221
48.151	115.718809
48.257	113.997315
48.361	114.631081
48.465	115.486054
48.57	114.693532
48.675	114.375417
48.78	114.573088
48.885	114.219739
48.99	114.415767
49.095	113.749844
49.201	113.527096
49.307	113.094839
49.412	113.949671
49.518	112.933059
49.625	112.468399
49.732	112.637294
49.838	112.325225
49.946	112.03369
50.052	112.590807
50.159	112.089141
50.266	112.243274
50.374	111.427196
50.474	110.039986
50.581	111.571213
50.689	111.518321
50.789	109.967381
50.889	110.425511
50.997	110.640237
51.097	110.170034
51.205	110.587217
51.305	110.367898
51.406	109.006245
51.507	108.860597
51.608	109.341043
51.708	109.336695
51.81	108.190354
51.911	108.353407
52.013	108.337387
52.115	107.700961
52.217	107.752657
52.32	107.176267
52.422	107.430635
52.525	106.77471
52.628	107.066746
52.731	106.58641
52.835	106.088875
52.938	106.538923
53.042	106.067405
53.146	105.253438
53.251	105.504809
53.355	105.113635
53.461	104.235133
53.566	104.869121
53.671	104.011401
53.777	104.127582
53.883	104.229194
53.989	103.576557
54.094	104.021236
54.201	103.521958
54.307	103.504437
54.415	101.973051
54.522	102.368791
54.63	102.083773
54.739	101.161855
54.847	101.960763
54.956	100.97058
55.065	100.167895
55.165	100.84034
55.274	100.8493
55.384	100.115019
55.484	99.458288
55.584	100.048361
55.685	99.1535632
55.785	99.8146816
55.886	99.2805634
55.987	99.2854796
56.087	99.9583549
56.187	99.5771333
56.287	99.5920213
56.387	99.905427
56.488	99.8715028
56.588	99.8585379
56.688	99.7589201
56.788	99.5523504
56.888	100.180663
56.988	100.206764
57.088	100.215802
57.188	99.5523504
57.288	100.675875
57.388	100.071388
57.497	100.694218
57.597	99.4869829
57.698	99.7022268
57.807	100.542357
57.916	100.914064
58.025	100.746786
58.134	101.486653
58.242	101.371627
58.351	101.421152
58.459	101.279214
58.568	101.237281
58.676	102.042106
58.783	101.961709
58.892	101.764563
59	101.325872
59.108	101.883325
59.216	102.099881
59.323	102.307844
59.431	102.290719
59.538	102.368779
59.646	102.585504
59.753	102.718647
59.859	103.007202
59.966	102.979248
60.073	103.014931
60.179	103.551206
60.285	104.054692
60.391	104.152218
60.497	103.76513
60.602	104.703433
60.706	104.996246
60.811	105.048387
60.916	104.736332
61.021	104.900123
61.124	106.320616
61.229	105.684226
61.333	105.311896
61.437	105.999934
61.541	105.596976
61.645	105.403713
61.749	105.835734
61.852	107.059452
61.955	106.781965
62.058	106.806849
62.16	107.550379
62.261	108.842285
62.363	107.688309
62.464	109.039742
62.565	108.883226
62.667	108.427089
62.768	108.395049
62.869	109.676824
62.97	108.913425
63.07	109.207522
63.171	109.318223
63.271	110.304814
63.371	110.116007
63.479	110.181063
63.588	110.960467
63.695	111.351716
63.795	110.952346
63.901	112.303136
64.008	112.521128
64.114	112.979842
64.221	112.765382
64.327	112.494758
64.433	113.41335
64.538	114.252377
64.644	113.382274
64.749	113.74231
64.854	114.380868
64.959	114.28502
65.063	115.707637
65.167	115.874128
65.271	115.287466
65.375	115.010114
65.478	116.800072
65.58	117.159297
65.683	116.402409
65.786	117.151276
65.889	116.311021
65.991	117.312775
66.094	116.681973
66.197	116.706924
66.3	116.885413
66.402	116.727373
66.505	117.13298
66.608	116.653616
66.71	117.378182
66.812	117.408027
66.914	117.647463
67.017	116.687646
67.12	115.918901
67.223	117.039315
67.327	115.864059
67.43	116.36176
67.533	116.482632
67.636	116.118563
67.74	115.325123
67.844	115.743364
67.947	115.971554
68.051	115.839452
68.155	115.734434
68.259	114.725331
68.363	115.226567
68.467	115.484943
68.572	114.847221
68.676	115.209973
68.78	114.933006
68.885	114.341646
68.99	114.237136
69.094	115.119343
69.199	114.399419
69.304	114.481259
69.41	113.582974
69.516	113.252808
69.621	113.528157
69.728	112.900121
69.834	113.16523
69.94	112.813074
70.046	112.969206
70.152	113.265636
70.258	113.179092
70.365	112.35362
70.472	112.641537
70.579	111.857201
70.686	111.919796
70.794	110.800626
70.902	111.311446
71.01	111.341384
71.118	110.769942
71.218	110.874062
71.326	110.301582
71.427	109.714017
71.535	110.296525
71.635	110.525369
71.736	108.856288
71.837	109.388885
71.937	109.020276
72.039	108.827223
72.14	108.482693
72.242	107.710453
72.343	108.973834
72.444	109.077572
72.546	107.513587
72.648	107.803345
72.75	107.672484
72.852	107.793837
72.955	107.127223
73.058	107.035492
73.161	106.796466
73.265	105.848974
73.368	107.032367
73.471	105.976445
73.576	104.940166
73.681	105.328018
73.785	104.939165
73.891	104.566067
73.996	104.049771
74.102	104.200561
74.207	104.717387
74.313	104.035981
74.419	103.625344
74.525	104.0055
74.632	102.66974
74.739	102.538647
74.847	102.323071
74.954	102.183345
75.063	101.37255
75.171	101.828622
75.279	101.095856
75.388	101.408997
75.497	100.626054
75.597	100.689053
75.697	99.6773817
75.797	100.197728
75.897	100.1275
76.006	100.139627
76.107	99.1653623
76.208	99.5364959
76.308	99.7131626
76.417	100.725567
76.517	100.093425
76.617	99.6505628
76.717	100.084409
76.817	100.084409
76.917	100.38179
77.017	100.093425
77.126	100.861321
77.226	99.6684405
77.326	100.321367
77.435	100.789249
77.544	100.862246
77.653	100.918704
77.762	100.845613
77.862	100.645465
77.97	101.415554
78.079	101.343597
78.188	100.793866
78.297	100.894626
78.405	101.53349
78.514	101.263376
78.622	101.355737
78.73	101.733504
78.839	101.568178
78.945	103.028439
79.053	102.227977
79.161	101.939031
79.268	102.857919
79.375	102.830996
79.481	103.31778
79.588	103.205335
79.694	103.225661
79.801	102.793519
79.908	103.225673
80.014	103.580459
80.12	104.274644
80.226	103.737729
80.332	103.776877
80.438	103.648766
80.543	104.649643
80.648	104.88612
80.752	105.28972
80.858	104.405286
80.963	104.808183
81.067	105.306843
81.172	105.018299
81.276	105.21922
81.381	105.389575
81.485	105.030332
81.589	106.473955
81.692	106.400832
81.795	106.409066
81.899	106.65255
82.002	106.379224
82.105	106.676339
82.208	106.904409
82.311	107.054242
82.413	107.482071
82.515	108.079787
82.617	107.678821
82.719	108.029899
82.821	108.014001
82.922	108.937141
83.024	107.793837
83.124	109.892676
83.224	109.74576
83.324	110.482061
83.424	109.27587
83.524	110.537586
83.633	110.34824
83.74	111.292864
83.84	110.792527
83.948	111.13721
84.055	112.124763
84.161	112.79506
84.268	112.302098
84.375	112.317865
84.481	112.597146
84.587	113.090562
84.693	113.379073
84.799	113.040506
84.905	114.166492
85.01	114.078594
85.114	114.716557
85.218	115.371692
85.322	116.055674
85.425	115.634063
85.529	115.828271
85.632	116.411429
85.735	116.559569
85.837	117.693617
85.94	116.978846
86.041	118.017701
86.144	117.32195
86.247	116.519943
86.349	117.055298
86.451	117.668213
86.553	117.278379
86.656	117.253169
86.758	117.703992
86.86	117.178746
86.962	117.323083
87.065	116.845578
87.168	116.427255
87.271	116.89223
87.373	117.487357
87.476	116.941213
87.578	117.313922
87.68	117.113546
87.784	115.845044
87.888	115.177904
87.991	116.594678
88.094	116.916161
88.198	115.510511
88.301	115.93346
88.405	115.534977
88.508	115.991732
88.611	116.540326
88.715	116.207383
88.818	115.948022
88.922	115.908824
89.026	114.751661
89.131	114.600443
89.235	115.428289
89.339	115.336207
89.444	114.690243
89.548	115.169061
89.653	114.232786
89.759	112.896934
89.865	113.16415
89.971	113.767112
90.076	114.091596
90.181	113.584035
90.287	113.318046
90.392	114.110039
90.498	113.262429
90.605	112.808832
90.711	113.289161
90.818	111.966776
90.925	112.04729
91.032	112.330482
91.138	112.541179
91.245	112.176122
91.353	111.368251
91.462	110.71169
91.569	111.149563
91.677	111.409609
91.777	110.730085
91.886	109.979103
91.986	109.788479
92.086	109.331262
92.187	109.749045
92.295	110.5088
92.396	109.349738
92.497	109.077572
92.598	108.754059
92.699	108.236117
92.801	108.75297
92.902	108.857365
93.004	107.821309
93.106	108.038388
93.208	107.591405
93.31	107.267207
93.413	107.591392
93.516	106.789222
93.619	106.423479
93.722	106.620503
93.826	106.084782
93.931	104.900136
94.034	106.216925
94.138	105.448172
94.244	104.153204
94.35	104.320134
94.456	103.643896
94.562	103.849378
94.668	103.692734
94.774	103.373124
94.88	103.665372
94.987	102.920474
95.094	103.078643
95.202	101.826737
95.309	102.355443
95.417	102.274551
95.525	101.750443
95.634	101.302543
95.742	101.080981
95.851	101.092128
95.951	100.281126
96.051	100.112464
96.16	100.732935
96.269	100.713579
96.369	100.206764
96.469	99.557306
96.569	100.232879
96.669	100.439246
96.778	100.357981
96.887	100.822494
96.988	99.8595351
97.088	100.006338
97.197	100.498266
97.306	100.950182
97.415	100.697894
97.524	100.786478
97.624	100.461457
97.733	101.132093
97.841	101.687422
97.95	101.132105
98.058	101.469802
98.167	100.742161
98.275	101.612275
98.384	101.145124
98.492	102.154864
98.6	101.571003
98.709	101.441729
98.816	102.377353
98.924	101.730682
99.031	102.839648
99.139	102.377353
99.246	102.063882
99.354	102.527166
99.461	102.559668
99.568	102.456499
99.675	102.844456
99.782	103.035182
99.889	103.15404
99.995	103.096999
100.101	103.836622
100.208	103.377981
100.313	103.985824
100.419	104.18281
100.524	104.43304
100.63	103.89646
100.736	103.573619
100.843	103.703499
100.948	104.583963
101.053	104.583975
101.158	105.06143
101.263	104.363683
101.367	105.530114
101.471	105.708601
101.576	104.557135
101.679	106.819282
101.783	106.388483
101.887	105.773655
101.99	107.017789
102.091	108.034143
102.194	107.231641
102.297	107.299644
102.399	107.09489
102.502	107.524083
102.604	107.40546
102.706	108.17119
102.807	108.590871
102.908	108.371541
103.01	108.454884
103.111	108.786312
103.212	108.55335
103.313	109.246581
103.414	109.223788
103.514	109.176089
103.615	109.912441
103.723	110.24686
103.823	110.803701
103.931	111.04979
104.039	111.319694
104.146	111.881188
104.254	111.354816
104.361	112.121607
104.467	113.006441
104.573	113.420867
104.679	112.620381
104.785	113.243189
104.891	112.859758
104.996	114.218665
105.102	113.828611
105.207	114.072087
105.313	113.691648
105.417	114.967141
105.521	115.829389
105.625	115.111613
105.729	115.148064
105.833	115.520519
105.936	116.681973
106.038	117.05871
106.14	117.467805
106.242	117.653215
106.345	117.477005
106.447	117.382761
106.548	118.060662
106.65	118.278282
106.752	117.174155
106.854	117.791816
106.956	117.839226
107.058	117.728242
107.161	116.687646
107.262	118.314419
107.364	118.000308
107.467	116.496188
107.569	117.222243
107.671	117.5069
107.773	117.668228
107.876	116.841013
107.979	116.708074
108.081	117.466641
108.183	117.491958
108.286	116.422723
108.389	116.874029
108.492	116.564098
108.596	115.413857
108.699	116.317772
108.802	116.279464
108.906	115.538315
109.009	116.156779
109.112	116.509761
109.217	115.149182
109.321	115.432731
109.424	115.448265
109.528	115.43162
109.633	114.622336
109.737	115.292991
109.842	114.413585
109.948	113.662573
110.053	113.898851
110.158	114.213216
110.264	113.677647
110.369	113.803796
110.474	113.856691
110.579	114.360157
110.686	112.946877
110.792	113.140677
110.898	112.680672
111.005	112.751608
111.112	112.125798
111.219	111.602329
111.326	112.270578
111.434	111.638668
111.542	110.929682
111.65	111.006657
111.758	111.00151
111.866	110.897902
111.966	110.623182
112.074	110.881507
112.182	110.617799
112.283	109.106784
112.383	110.154588
112.483	109.592685
112.592	110.742342
112.692	109.171755
112.793	109.463996
112.894	109.194527
112.995	108.58121
113.097	108.147793
113.198	108.580138
113.3	108.110592
113.402	107.278714
113.504	107.830808
113.607	107.0532
113.71	106.955355
113.812	107.490461
113.915	106.544083
114.019	106.270285
114.122	106.762261
114.226	105.994826
114.33	105.778741
114.434	105.35021
114.539	104.870133
114.644	105.231286
114.748	104.843133
114.854	104.437019
114.959	104.905125
115.064	104.415197
115.171	103.091201
115.277	103.467429
115.384	103.040985
115.49	103.555106
115.597	102.834841
115.704	102.895431
115.812	101.444547
115.921	100.785543
116.03	101.311862
116.139	101.355737
116.248	100.111374
116.349	99.7977474
116.458	100.482648
116.567	100.97058
116.667	100.381777
116.776	100.494593
116.876	100.045358
116.976	100.254973
117.076	99.9853396
117.185	101.213981
117.294	100.409282
117.403	100.847451
117.512	100.8493
117.612	100.690067
117.72	101.376287
117.828	101.445483
117.937	101.104207
118.046	101.54755
118.155	100.878907
118.264	100.521214
118.372	101.596321
118.481	101.394976
118.589	101.678962
118.697	101.645138
118.804	102.535768
118.912	102.640054
119.02	101.845593
119.127	102.434555
119.235	102.158671
119.342	102.723444
119.449	102.714811
119.556	102.456499
119.663	102.606544
119.77	103.268301
119.877	102.713852
119.983	103.718167
120.089	103.500529
120.196	103.012037
120.302	103.981904
120.408	104.161094
120.513	104.726348
120.618	103.87978
120.724	103.815062
120.83	104.089154
120.935	104.753275
121.04	105.311884
121.144	105.08351
121.249	105.310875
121.353	105.407753
121.458	105.240347
121.562	105.346175
121.666	105.399686
121.77	105.972349
121.873	106.639109
121.977	106.400832
122.08	106.343229
122.183	106.977199
122.285	107.793824
122.388	107.259885
122.49	107.440066
122.592	107.826593
122.694	107.816011
122.797	107.255702
122.898	108.10103
122.999	108.851979
123.101	108.603723
123.201	109.124102
123.302	109.662609
123.403	109.119772
123.503	109.104619
123.604	109.397589
123.705	109.331262
123.813	110.805741
123.921	111.150593
124.029	110.826208
124.137	111.109426
124.245	111.010752
124.352	111.882231
124.46	111.866586
124.566	113.200445
124.673	111.47274
124.779	113.080971
124.885	113.663663
124.99	114.034133
125.097	112.748416
125.202	113.457327
125.307	114.398315
125.412	114.751661
125.516	114.869195
125.62	115.3606
125.724	116.32341
125.827	115.85511
125.931	115.952504
126.034	116.405796
126.136	117.178732
126.239	116.796676
126.341	117.406878
126.443	117.769837
126.545	118.000293
126.646	118.000308
126.749	117.173011
126.851	117.162729
126.953	117.32423
127.055	118.203703
127.156	118.879369
127.258	117.989851
127.359	117.950434
127.461	117.991011
127.563	117.223374
127.665	117.955057
127.768	116.708074
127.87	118.110629
127.971	117.820714
128.074	117.198201
128.176	116.995939
128.279	116.885413
128.382	116.861495
128.484	117.192478
128.587	116.393363
128.689	117.389665
128.792	117.103261
128.895	116.767113
128.997	117.154722
129.1	116.200632
129.203	116.945785
129.306	116.496188
129.41	115.88308
129.513	115.468274
129.617	115.93346
129.722	114.559949
129.825	115.777982
129.929	115.25422
130.033	115.981642
130.137	115.419408
130.241	115.274163
130.346	114.5512
130.451	113.974564
130.556	114.229524
130.661	114.564324
130.765	114.680379
130.872	113.15668
130.976	114.470339
131.082	113.203662
131.187	114.256715
131.293	113.715351
131.4	112.165637
131.506	112.781266
131.613	112.463129
131.72	112.177158
131.827	111.811343
131.935	111.266021
132.043	110.78835
132.151	111.432356
132.259	110.970715
132.367	110.994323
132.467	110.448795
132.575	110.597409
132.675	110.910953
132.783	110.609642
132.884	109.554483
132.984	109.007311
133.084	110.045476
133.186	108.819674
133.286	109.294328
133.387	108.651995
133.489	108.417484
133.59	108.339521
133.693	107.318474
133.795	107.286039
133.897	108.213756
134	106.778843
134.102	107.775883
134.205	107.405447
134.307	106.954302
134.41	106.856651
134.514	106.017301
134.617	106.437883
134.722	105.666967
134.826	105.636525
134.93	105.207131
135.035	104.87912
135.14	104.614796
135.245	104.597885
135.352	103.648779
135.457	103.810163
135.564	103.366324
135.671	102.781981
135.778	102.75223
135.885	103.205323
135.992	102.744552
136.099	102.158671
136.208	101.201876
136.317	101.213981
136.426	100.975202
136.535	100.883522
136.644	100.979837
136.753	100.286615
136.862	100.739393
136.962	100.267049
137.071	100.691441
137.171	100.176649
137.28	100.709879
137.38	100.799669
137.489	100.57913
137.598	100.758771
137.707	101.274552
137.816	100.295747
137.916	100.531144
138.025	100.952035
138.133	101.755149
138.241	101.596321
138.341	100.453371
138.449	101.647956
138.558	101.223295
138.665	102.924326
138.773	101.649835
138.881	101.89465
138.989	101.763621
139.097	101.978711
139.205	101.834278
139.312	102.200433
139.42	102.134009
139.528	102.307844
139.635	102.549139
139.742	102.810813
139.848	103.691756
139.954	104.085215
140.06	103.530727
140.166	103.284797
140.273	103.532676
140.379	103.594103
140.485	103.832713
140.591	103.798408
140.696	104.337945
140.801	104.511426
140.907	103.730882
141.013	104.54023
141.118	104.179837
141.224	104.192665
141.328	105.198076
141.431	106.770564
141.535	105.658848
141.64	105.390572
141.744	105.851011
141.848	105.615225
141.952	106.084782
142.055	106.342188
142.159	105.92236
142.262	106.319588
142.366	106.650469
142.469	106.357624
142.571	107.527236
142.674	106.986563
142.777	106.380252
142.879	108.001261
142.981	108.401445
143.082	108.464509
143.184	107.96416
143.284	110.002571
143.384	109.654957
143.485	109.097045
143.585	110.155678
143.685	110.237382
143.785	110.209771
143.893	110.664725
143.993	110.17002
144.101	110.877409
144.209	110.912252
144.317	111.105312
144.425	111.495525
144.533	111.374439
144.64	112.31366
144.746	112.252711
144.853	112.69337
144.959	112.702883
145.066	112.997928
145.171	113.762785
145.277	113.775728
145.382	113.514196
145.488	113.970234
145.592	114.494367
145.697	115.053119
145.8	115.776865
145.904	115.928966
146.008	114.898891
146.112	115.914422
146.216	115.660811
146.318	116.776203
146.42	117.658983
146.523	116.734186
146.626	117.055284
146.728	116.742121
146.83	118.660721
146.931	118.738214
147.032	118.33542
147.133	118.732339
147.235	118.028148
147.337	117.809162
147.438	118.513061
147.539	118.09668
147.642	117.554096
147.743	117.971292
147.845	118.456906
147.946	118.103654
148.049	117.175299
148.15	118.071131
148.252	117.437901
148.355	116.728494
148.458	116.731915
148.56	117.320789
148.662	117.372427
148.765	117.424111
148.866	118.222335
148.969	116.960603
149.071	117.279511
149.173	117.799896
149.276	117.014207
149.378	116.778476
149.481	116.362903
149.584	117.422962
149.686	116.797799
149.79	116.117439
149.893	115.992839
149.996	116.559569
150.099	116.163525
150.203	116.152267
150.306	116.030986
150.41	115.953624
150.514	115.215503
150.619	114.532614
150.723	115.292991
150.827	115.072978
150.932	114.1817
151.037	114.651891
151.142	113.918301
151.248	113.0256
151.353	114.985869
151.459	113.003235
151.564	113.617374
151.671	112.708189
151.777	113.11828
151.883	113.090576
151.99	112.10799
152.097	112.583413
152.203	112.943675
152.311	111.310401
152.418	111.392028
152.526	111.15883
152.634	111.172217
152.742	111.126918
152.85	111.0796
152.959	110.791419
153.067	110.376659
153.167	110.569808
153.267	109.855362
153.367	110.146853
153.468	109.208606
153.568	109.627636
153.668	109.826844
153.77	108.07023
153.871	108.987871
153.974	106.870147
154.075	108.506235
154.177	107.675646
154.279	107.913334
154.382	106.761225
154.486	106.356595
154.588	107.391815
154.691	107.02716
154.793	107.191933
154.897	105.956029
155	107.159575
155.104	105.412791
155.208	105.531126
155.313	104.919134
155.418	104.971197
155.524	103.896447
155.629	104.51937
155.734	104.540242
155.84	103.756309
155.947	103.645837
156.053	103.570706
156.16	102.977308
156.266	102.919511
156.374	101.851251
156.482	102.211817
156.59	101.536302
156.698	102.030748
156.807	100.715423
156.916	101.198152
157.025	101.299733
157.134	100.818798
157.243	100.818798
157.352	100.839131
157.461	100.920544
157.561	100.111462
157.67	101.064264
157.778	101.189773
157.878	100.61611
157.987	100.805863
158.096	100.758771
158.196	100.233883
158.305	100.952035
158.413	101.364143
158.513	100.519017
158.621	101.287607
158.729	102.100829
158.837	101.571929
158.937	100.897305
159.045	101.524119
159.153	101.793756
159.262	101.2988
159.37	101.890863
159.478	101.731623
159.584	103.116316
159.692	102.619946
159.797	103.930805
159.904	102.694673
160.011	103.154996
160.118	102.630477
160.225	103.353686
160.332	102.89063
160.439	102.457442
160.545	103.429499
160.652	103.33621
160.758	103.607764
160.864	103.530739
160.97	103.806245
161.075	104.458825
161.181	104.723357
161.285	104.861123
161.391	104.497526
161.496	104.240059
161.601	104.974203
161.705	105.311884
161.809	105.716715
161.914	105.367366
162.018	105.344157
162.122	106.450244
162.226	105.703522
162.329	106.03263
162.433	105.760434
162.537	106.482188
162.64	106.478078
162.742	107.615601
162.845	107.258826
162.947	107.53671
163.049	107.596654
163.15	108.957643
163.251	109.4738
163.352	108.139288
163.453	108.918804
163.554	109.630914
163.655	108.451676
163.755	110.493172
163.855	110.03118
163.955	110.225218
164.063	110.699435
164.163	110.044389
164.263	110.223023
164.371	111.0796
164.478	111.48619
164.578	110.266113
164.686	111.261894
164.793	111.847805
164.9	112.739956
165.006	112.624609
165.113	112.928807
165.219	112.565446
165.325	112.854451
165.431	113.220752
165.536	114.295892
165.641	114.314402
165.747	113.961575
165.851	114.957229
165.956	114.021131
166.06	115.477164
166.164	115.280793
166.269	114.841712
166.372	116.23779
166.476	115.670831
166.579	116.77849
166.681	117.30588
166.783	117.517257
166.884	118.841695
166.985	118.167619
167.087	118.606771
167.189	117.753658
167.29	117.906381
167.392	117.921457
167.494	118.138535
167.595	119.030305
167.696	118.421837
167.798	117.639375
167.9	117.705147
168.002	117.624384
168.103	118.717069
168.205	117.02676
168.308	116.960589
168.41	117.835755
168.511	118.193224
168.614	117.334555
168.715	118.320266
168.817	117.749036
168.919	117.945783
169.021	116.768249
169.124	117.269211
169.227	116.359504
169.329	117.403447
169.432	116.743257
169.534	117.612856
169.637	116.66042
169.74	115.788023
169.844	116.094971
169.946	116.924121
170.05	115.881961
170.153	116.892244
170.256	116.153392
170.36	115.680881
170.464	115.3961
170.568	114.942914
170.672	115.322907
170.777	114.515126
170.881	114.918697
170.986	114.642033
171.091	114.533707
171.196	114.491089
171.301	114.403768
171.406	113.78328
171.511	114.281742
171.616	113.782201
171.722	113.800545
171.827	113.735842
171.934	112.563334
172.04	113.241039
172.146	112.994736
172.252	113.346932
172.359	112.609812
172.465	112.562292
172.573	111.792593
172.68	111.722845
172.787	112.268477
172.895	110.996376
173.003	110.910202
173.103	110.615381
173.211	110.299554
173.311	110.862887
173.419	110.200288
173.519	110.324727
173.619	109.65605
173.721	108.594073
173.821	109.841087
173.922	108.600519
174.023	108.694941
174.124	108.878901
174.226	108.330998
174.327	108.749745
174.429	108.371541
174.531	107.168958
174.634	106.819295
174.737	106.956382
174.839	107.808615
174.942	106.724984
175.044	107.900618
175.147	106.560597
175.251	105.715712
175.356	105.509869
175.46	105.492655
175.565	104.888133
175.67	104.56905
175.775	104.714384
175.881	103.785677
175.987	104.162092
176.092	104.837138
176.198	103.65365
176.304	103.573619
176.41	103.332339
176.517	103.286737
176.625	101.413672
176.733	101.965489
176.841	102.064829
176.949	101.747619
177.058	101.235406
177.167	100.630645
177.276	101.065193
177.385	100.888148
177.493	101.641381
177.602	100.691441
177.711	101.380958
177.819	101.564427
177.919	100.255991
178.028	100.943697
178.137	100.811417
178.245	101.474482
178.354	101.753267
178.462	101.396834
178.57	101.985342
178.678	101.733504
178.787	101.240996
178.895	101.617907
179.003	101.752325
179.11	102.358288
179.218	102.361158
179.325	102.30022
179.433	102.324023
179.54	102.428832
179.647	102.904094
179.755	102.486091
179.861	103.231474
179.968	102.865614
180.074	103.487871
180.181	102.821384
180.288	103.322621
180.394	103.194685
180.501	103.062213
180.607	104.119697
180.713	103.686869
180.819	103.215975
180.925	104.398362
181.03	104.240059
181.136	103.658534
181.242	104.50249
181.347	104.854126
181.451	105.183993
181.556	104.953169
181.661	105.146792
181.765	105.30281
181.87	105.102587
181.974	105.575692
182.078	105.797053
182.182	105.436043
182.286	105.48355
182.39	106.177965
182.493	106.341172
182.597	106.156434
182.7	106.514164
182.803	107.165826
182.906	107.112619
183.013	107.281144
183.116	107.147049
183.218	108.135036
183.32	107.78643
183.421	108.246768
183.522	109.574126
183.623	109.009472
183.723	109.342129
183.824	108.82075
183.925	109.80711
184.025	109.654943
184.125	109.55121
184.225	109.826844
184.325	110.456545
184.427	111.274014
184.535	111.303173
184.642	112.70713
184.748	113.292356
184.854	112.285285
184.961	112.383069
185.067	113.646426
185.173	113.514196
185.278	113.904257
185.383	114.098104
185.488	114.257803
185.592	115.039883
185.696	115.351715
185.8	115.448278
185.904	115.982763
186.007	116.22314
186.11	116.364031
186.213	116.981112
186.315	117.398852
186.417	117.300147
186.519	117.584045
186.621	117.644002
186.723	118.289927
186.823	119.325008
186.924	119.220699
187.025	118.746438
187.126	119.263355
187.228	117.303586
187.329	118.851111
187.43	119.035028
187.53	119.298925
187.632	118.099005
187.733	119.105917
187.834	118.795811
187.936	117.634762
188.037	118.078087
188.139	117.814931
188.241	117.470091
188.343	117.805678
188.445	117.378182
188.547	118.462753
188.648	118.052532
188.751	117.260029
188.852	117.966653
188.955	117.343734
189.056	118.239808
189.158	117.490808
189.261	117.354062
189.363	117.056426
189.466	116.910451
189.569	116.663823
189.671	117.399987
189.774	116.148895
189.877	117.105546
189.98	116.457762
190.083	116.08485
190.186	116.150033
190.29	115.729955
190.393	116.017524
190.498	115.26972
190.602	114.967141
190.707	114.579638
190.811	115.165731
190.916	113.763863
191.021	114.747272
191.125	114.809849
191.23	114.342722
191.335	114.667229
191.44	114.628878
191.544	114.731912
191.65	113.819974
191.755	113.58081
191.861	113.586186
191.967	113.380131
192.073	113.249588
192.178	113.627056
192.285	112.286336
192.392	112.4136
192.499	112.076591
192.606	112.185547
192.714	111.289754
192.821	111.857201
192.921	110.524244
193.029	111.267052
193.137	110.386813
193.237	110.653214
193.345	110.25699
193.445	110.534253
193.545	110.367884
193.646	108.713203
193.747	109.182591
193.847	109.798342
193.948	108.604795
194.05	108.140351
194.151	108.858429
194.253	107.602982
194.355	108.028838
194.457	108.076601
194.559	107.256735
194.663	106.144154
194.766	107.077155
194.868	106.906487
194.973	105.721808
195.076	105.886673
195.18	105.695384
195.285	105.58988
195.39	104.282553
195.495	105.365347
195.6	104.447914
195.705	104.718372
195.811	103.876825
195.917	103.884673
196.022	104.240059
196.128	103.668315
196.235	103.005272
196.342	102.487034
196.45	102.188091
196.558	101.671444
196.666	101.978723
196.774	101.53629
196.883	101.348266
196.991	101.970215
197.1	100.615918
197.208	101.974942
197.317	101.014148
197.426	101.193497
197.534	101.487589
197.643	100.77631
197.751	101.584112
197.86	101.309063
197.969	101.38563
198.077	101.483844
198.185	101.532553
198.293	101.64326
198.402	101.450149
198.509	102.359241
198.617	102.020339
198.725	101.941865
198.833	102.028855
198.942	101.252179
199.05	101.678951
199.158	101.909754
199.265	102.442187
199.372	102.740702
199.48	102.369731
199.587	102.700414
199.693	103.20243
199.8	103.399348
199.907	102.413562
200.014	102.828112
200.12	103.396432
200.226	103.914126
200.332	103.801347
200.438	103.965185
200.544	104.008438
200.649	104.322113
200.755	104.227219
200.86	104.750282
200.964	105.307851
201.069	104.567061
201.174	104.676519
201.279	104.803177
201.384	105.010279
201.488	105.836753
201.592	105.814342
201.696	105.700475
201.8	106.304176
201.903	106.081713
202.006	107.005283
202.109	107.083409
202.211	107.626144
202.313	107.510421
202.416	106.856638
202.519	106.899228
202.621	108.231857
202.723	107.48836
202.826	107.447412
202.929	106.479109
203.031	107.99702
203.132	108.848748
203.233	108.755121
203.333	109.633099
203.434	109.026745
203.535	108.853056
203.635	109.883894
203.736	109.195597
203.836	110.54757
203.944	110.754607
204.052	110.553596
204.152	110.794772
204.26	110.949156
204.368	110.990217
204.476	111.308336
204.583	112.230677
204.689	112.557
204.797	111.709338
204.903	112.708176
205.009	112.959622
205.115	113.529245
205.221	113.688417
205.325	114.500921
205.43	114.509662
205.535	114.605901
205.64	114.093765
205.744	115.016728
205.849	115.21661
205.953	115.198899
206.056	116.615073
206.159	115.783554
206.263	116.23216
206.366	116.018632
206.468	117.32998
206.57	117.810304
206.672	117.611703
206.774	117.956217
206.876	117.340292
206.978	118.306268
207.079	118.600895
207.18	117.977106
207.281	118.811087
207.383	117.927252
207.484	119.026748
207.585	119.154406
207.685	119.252688
207.786	119.572335
207.888	117.540279
207.989	118.829926
208.09	118.846403
208.192	117.772148
208.293	118.289927
208.394	118.448722
208.496	117.739793
208.598	118.085059
208.7	117.880899
208.801	118.647815
208.903	118.01654
209.005	117.731707
209.106	117.924934
209.209	116.948051
209.311	117.720158
209.413	117.485042
209.515	117.646309
209.618	116.758024
209.72	116.822814
209.823	116.704654
209.927	116.198395
210.03	115.85174
210.133	116.424996
210.237	115.462719
210.34	116.21301
210.443	116.808031
210.547	115.213291
210.651	115.605099
210.755	115.110508
210.859	115.693135
210.963	114.915396
211.067	115.47383
211.171	115.342859
211.276	115.060827
211.381	114.257803
211.486	114.102444
211.591	114.102444
211.697	113.55394
211.802	113.918314
211.907	114.116537
212.013	113.27312
212.118	113.957246
212.225	113.076709
212.331	112.618267
212.437	113.123625
212.544	112.32416
212.652	111.618939
212.759	112.082859
212.866	111.771768
212.973	111.640733
213.073	110.722283
213.181	110.811881
213.29	110.643297
213.398	110.540357
213.498	110.41663
213.606	110.475226
213.714	111.042596
213.815	109.206438
213.916	109.352999
214.017	109.107866
214.118	108.679906
214.219	108.526575
214.32	109.385622
214.421	108.615519
214.523	107.326863
214.625	108.324584
214.727	107.703057
214.829	107.928144
214.932	107.13557
215.034	107.103219
215.138	106.015258
215.242	106.072494
215.345	106.876378
215.449	106.023419
215.553	105.52404
215.658	104.988229
215.762	105.626381
215.867	104.110816
215.973	104.24895
216.079	103.34593
216.185	103.915096
216.291	103.638024
216.398	103.168552
216.504	103.232442
216.612	102.58261
216.719	102.407853
216.826	102.624732
216.934	101.773978
217.043	101.077265
217.152	101.316528
217.261	101.054051
217.369	101.883325
217.477	101.727859
217.585	101.377221
217.694	101.02992
217.803	100.952962
217.912	101.19629
218.02	101.218638
218.128	102.069553
218.236	101.64326
218.344	102.263141
218.452	101.671444
218.561	101.08191
218.669	101.499763
218.778	101.350134
218.886	102.094196
218.993	102.483215
219.101	101.974942
219.209	102.004256
219.315	103.085393
219.423	102.504237
219.529	103.231474
219.637	102.433601
219.744	102.832906
219.85	103.237299
219.957	102.674532
220.064	103.034229
220.17	103.889579
220.276	103.522932
220.382	103.801359
220.489	102.699455
220.595	103.66343
220.701	103.936697
220.806	104.682496
220.911	104.954171
221.017	103.935715
221.122	104.868121
221.227	104.547185
221.332	105.144782
221.436	105.665952
221.54	105.28264
221.645	105.277615
221.748	106.059211
221.852	106.170778
221.955	107.016748
222.058	107.101134
222.161	106.457468
222.264	106.582266
222.367	107.147036
222.469	107.639835
222.572	106.90337
222.674	107.441115
222.776	107.608245
222.879	107.616654
222.98	107.988538
223.082	108.611229
223.183	108.312851
223.285	108.206305
223.387	108.308585
223.488	108.834747
223.588	109.348651
223.689	108.853056
223.789	110.259482
223.891	108.396104
223.991	109.808193
224.1	110.096149
224.208	110.482346
224.317	110.874335
224.425	110.821091
224.532	111.642823
224.64	111.119715
224.747	112.095423
224.855	111.805092
224.961	112.328366
225.068	113.088431
225.173	113.731517
225.28	112.691254
225.385	113.629208
225.49	113.999467
225.596	113.643197
225.701	114.28283
225.806	114.624512
225.909	116.219777
226.014	114.74398
226.118	114.825229
226.221	116.306498
226.324	116.829652
226.427	116.779612
226.529	117.289828
226.632	116.814867
226.734	116.961729
226.836	117.942305
226.938	118.222335
227.039	118.632567
227.14	118.900571
227.24	119.005516
227.341	119.022041
227.442	118.840518
227.544	118.532962
227.644	119.128382
227.746	118.130395
227.847	118.281765
227.949	118.357596
228.049	119.325023
228.15	119.005516
228.251	118.463923
228.352	118.80522
228.454	117.586349
228.556	118.27477
228.657	118.700629
228.758	118.959506
228.859	118.9713
228.96	118.575127
229.061	119.005516
229.162	118.104816
229.264	118.317919
229.365	118.028148
229.467	118.064146
229.568	118.632567
229.671	116.99708
229.773	117.526465
229.875	117.474705
229.978	116.258046
230.081	116.675166
230.183	117.680907
230.285	117.285242
230.388	117.426409
230.49	116.704669
230.593	117.050717
230.696	116.785309
230.799	116.547103
230.902	116.170259
231.005	115.890914
231.109	115.653008
231.213	115.378333
231.317	115.557229
231.421	115.400538
231.525	115.818196
231.629	115.223247
231.733	115.580602
231.837	114.685845
231.942	114.203433
232.047	114.236049
232.152	114.659559
232.257	114.362337
232.361	114.8593
232.467	114.051474
232.573	113.325523
232.679	112.718762
232.786	112.104861
232.892	113.259208
232.999	112.663745
233.106	112.081812
233.213	111.787386
233.32	112.095423
233.427	111.996048
233.535	111.633463
233.643	110.700456
233.751	110.812904
233.86	110.887655
233.969	110.003299
234.069	110.028979
234.169	109.991558
234.269	109.55121
234.37	108.648776
234.47	109.866334
234.571	109.135998
234.672	109.192345
234.774	108.124406
234.876	107.419082
234.977	108.397185
235.08	107.695676
235.182	107.233732
235.285	107.439016
235.387	107.187768
235.49	106.548198
235.594	106.457468
235.697	106.555423
235.801	105.865273
235.905	105.515942
236.01	105.35827
236.115	104.720366
236.22	104.589941
236.325	104.7433
236.43	104.768241
236.536	103.313887
236.642	103.817022
236.749	102.796401
236.856	103.207259
236.963	102.825228
237.07	102.826177
237.178	101.647956
237.286	102.284061
237.394	101.538165
237.501	102.202333
237.609	102.193787
237.717	102.00519
237.824	102.363063
237.932	102.288805
238.039	102.318312
238.148	101.358538
238.256	101.528805
238.364	102.613233
238.472	101.826737
238.578	102.880033
238.686	102.554887
238.794	101.240064
238.902	102.210868
239.009	102.40404
239.117	101.77492
239.224	103.097953
239.331	102.604618
239.438	103.300316
239.545	102.425005
239.652	102.67646
239.759	102.782942
239.867	102.18999
239.974	103.006237
240.08	103.596054
240.186	104.005488
240.292	103.580459
240.399	103.130817
240.504	103.95929
240.61	104.323102
240.715	104.198587
240.82	104.803177
240.925	105.400683
241.03	104.643657
241.135	104.859124
241.239	105.340109
241.343	105.899926
241.448	105.138752
241.552	105.242361
241.656	106.109329
241.76	105.357274
241.865	105.169914
241.969	105.691322
242.074	104.83414
242.178	105.828607
242.282	105.913181
242.384	107.07507
242.487	106.993847
242.591	106.290809
242.693	107.622972
242.795	107.420144
242.898	107.576661
242.999	108.011866
243.102	107.484159
243.204	107.515676
243.305	108.840132
243.406	108.546923
243.507	109.164171
243.608	108.919882
243.709	109.093785
243.809	109.610158
243.91	108.99975
244.011	109.249822
244.111	110.249522
244.211	109.63747
244.319	111.063138
244.419	110.067513
244.527	111.017941
244.635	111.618926
244.742	112.009638
244.85	110.848731
244.957	111.891607
245.064	111.974102
245.171	112.797168
245.276	113.736907
245.383	112.820498
245.488	114.174096
245.593	113.587261
245.699	113.609844
245.805	113.620601
245.91	114.238224
246.015	114.571981
246.119	115.218822
246.222	115.619565
246.326	115.456054
246.43	116.038826
246.533	115.89651
246.635	117.607093
246.738	116.763704
246.841	116.810319
246.943	117.496545
247.045	117.316201
247.147	117.964334
247.248	118.535304
247.349	118.913532
247.449	120.410993
247.549	119.330956
247.65	118.913532
247.751	119.444984
247.851	120.094064
247.951	119.661761
248.052	119.105917
248.152	119.697554
248.252	120.425508
248.352	119.85297
248.459	120.664616
248.56	119.734578
248.66	119.652216
248.761	118.51072
248.862	119.278766
248.963	118.858174
249.063	119.89608
249.164	118.704151
249.265	118.710023
249.366	118.761716
249.467	118.664241
249.569	117.933032
249.67	119.006696
249.772	117.934191
249.873	117.816087
249.975	117.934191
250.077	117.78024
250.179	117.991011
250.281	117.151276
250.383	117.695911
250.485	117.366688
250.586	119.207671
250.689	116.612792
250.791	116.998235
250.894	116.704654
250.997	116.46453
251.101	115.912183
251.204	115.912169
251.308	116.169148
251.411	116.46566
251.514	116.526731
251.617	115.93234
251.721	115.63852
251.825	115.892019
251.928	116.160152
252.032	114.917583
252.136	115.483832
252.241	114.483444
252.345	114.930791
252.446	115.1083
252.551	114.024381
252.656	113.867495
252.759	113.620601
252.864	114.090511
252.97	113.623828
253.076	112.903294
253.183	112.014853
253.289	112.843852
253.396	112.255861
253.504	111.88849
253.611	112.178206
253.718	111.8645
253.827	110.29043
253.935	111.008685
254.043	110.818021
254.151	111.018968
254.251	110.606483
254.359	110.190169
254.46	109.895956
254.561	108.654142
254.661	109.344303
254.762	109.4738
254.862	109.976163
254.963	109.103537
255.064	109.071082
255.165	107.940853
255.267	108.215885
255.369	108.212692
255.471	107.358275
255.573	107.558779
255.676	107.695676
255.778	107.513587
255.881	106.755008
255.985	105.834716
256.089	105.731958
256.193	105.728922
256.296	106.579168
256.4	106.038763
256.505	105.04638
256.609	105.231274
256.714	104.461801
256.82	104.126584
256.926	103.530727
257.032	104.293429
257.138	103.886647
257.244	103.85721
257.35	103.145323
257.458	102.404981
257.565	102.75607
257.673	101.444536
257.781	102.245069
257.889	101.746678
257.997	101.550362
258.105	101.812588
258.213	102.468907
258.32	102.433589
258.427	102.336398
258.535	102.182383
258.643	101.65641
258.751	102.046839
258.859	101.889919
258.967	101.784337
259.074	102.826177
259.177	102.743593
259.284	103.209196
259.391	102.46318
259.499	102.364004
259.606	102.331638
259.712	103.34786
259.819	103.602884
259.925	103.822901
260.029	102.675502
260.135	103.874863
260.241	103.63119
260.347	103.452832
260.453	104.307274
260.558	103.968145
260.664	104.07437
260.769	104.367644
260.874	104.70342
260.98	104.545198
261.084	104.982205
261.19	104.586946
261.294	105.113635
261.398	105.573666
261.503	105.188016
261.607	105.477482
261.712	105.573666
261.816	105.7523
261.919	106.471881
262.023	106.078644
262.126	106.311355
262.23	105.82554
262.334	106.140058
262.436	106.945984
262.54	106.494571
262.642	107.472607
262.745	106.984469
262.847	107.22955
262.95	107.386573
263.052	107.884744
263.155	107.054242
263.257	107.942971
263.358	108.213756
263.459	108.882134
263.56	109.024598
263.661	108.884303
263.762	109.165254
263.863	108.524434
263.964	109.051619
264.065	109.420427
264.165	109.64512
264.272	111.826972
264.372	110.646535
264.472	110.135839
264.579	111.652159
264.687	110.932758
264.795	111.812384
264.901	112.596076
265.008	112.343101
265.115	111.716605
265.222	112.074498
265.329	112.576006
265.434	113.761706
265.54	113.252808
265.646	113.535676
265.752	113.770335
265.857	114.039552
265.961	115.099468
266.066	114.783478
266.17	114.446321
266.275	114.950622
266.379	115.12376
266.483	115.234312
266.587	116.050048
266.689	116.711479
266.793	116.426111
266.895	117.208489
266.998	116.954904
267.1	116.968569
267.202	117.466641
267.304	117.924919
267.406	117.988691
267.506	119.653409
267.607	118.804044
267.707	120.577975
267.807	119.348744
267.907	120.368735
268.007	120.128943
268.107	119.358241
268.208	119.053923
268.309	119.193463
268.409	119.981208
268.509	120.00639
268.616	120.626548
268.716	120.77942
268.823	120.753161
268.924	119.321464
269.024	119.622397
269.124	120.340956
269.225	119.42121
269.325	119.116557
269.426	119.667728
269.526	119.053923
269.627	119.26097
269.728	118.946535
269.828	119.597361
269.929	118.796987
270.03	119.094096
270.131	118.431186
270.233	118.430018
270.334	118.09668
270.435	118.844049
270.537	118.226994
270.638	117.849642
270.74	117.89943
270.842	117.69822
270.944	117.656691
271.047	116.91159
271.149	117.701683
271.25	118.101329
271.353	117.168449
271.455	117.311614
271.558	116.929818
271.661	116.412572
271.764	116.411429
271.867	116.731915
271.97	116.377559
272.073	116.392248
272.176	116.844426
272.279	115.559455
272.383	115.499379
272.488	115.013421
272.592	115.114925
272.696	114.890091
272.8	115.906571
272.905	113.921545
273.011	113.978894
273.115	114.602618
273.221	113.770348
273.326	114.218652
273.432	113.206853
273.538	112.535888
273.645	112.106956
273.751	113.457314
273.857	113.122545
273.965	111.84886
274.071	112.288437
274.178	112.117417
274.286	111.914577
274.394	110.898914
274.502	110.94404
274.602	110.270535
274.71	111.013833
274.81	109.964069
274.911	108.916647
275.011	109.416087
275.112	109.090553
275.213	109.104619
275.315	108.218015
275.416	108.399308
275.518	108.430295
275.619	108.439916
275.722	106.985509
275.823	108.576923
275.925	107.663
276.028	107.349893
276.131	107.049033
276.234	105.915208
276.337	106.867033
276.441	106.684603
276.544	106.342201
276.647	106.525498
276.752	105.117653
276.857	105.116648
276.961	105.347171
277.066	104.405286
277.171	105.040362
277.276	104.354772
277.382	103.89056
277.489	103.457697
277.595	103.423652
277.701	103.517087
277.808	102.909882
277.916	102.120722
278.023	102.402133
278.13	102.759897
278.238	102.522389
278.345	102.788704
278.452	102.885807
278.559	102.70425
278.666	102.856957
278.773	102.596962
278.88	102.663991
278.986	103.302256
279.094	102.414515
279.202	101.988178
279.309	102.651536
279.411	103.304705
279.511	102.344015
279.617	103.445049
279.723	103.50832
279.83	103.010095
279.936	103.729891
280.042	103.776865
280.148	103.89056
280.253	104.372595
280.36	103.610691
280.466	103.38477
280.573	103.088303
280.679	103.355628
280.785	103.528778
280.891	104.046806
280.995	105.7462
281.1	104.613789
281.205	105.26754
281.309	105.976445
281.413	105.156831
281.518	105.007272
281.622	105.257467
281.726	106.254874
281.83	106.008106
281.934	105.206125
282.038	106.158483
282.14	107.377139
282.244	106.330893
282.348	105.841832
282.451	106.815146
282.553	107.149123
282.656	106.931429
282.759	107.185666
282.862	107.009447
282.964	107.751588
283.066	107.586143
283.167	108.343789
283.269	108.621941
283.37	108.319251
283.472	108.013987
283.573	108.873526
283.674	109.08298
283.775	109.373658
283.875	109.558834
283.975	109.924523
284.076	109.006231
284.176	110.141339
284.284	110.494554
284.385	109.776427
284.493	110.845659
284.601	111.462372
284.708	111.486203
284.816	111.684386
284.922	112.51795
285.03	111.576387
285.137	111.602316
285.244	112.587638
285.351	112.010671
285.457	113.03091
285.563	113.934538
285.668	113.42943
285.774	113.925871
285.879	113.917219
285.984	114.564324
286.088	115.330651
286.193	114.20126
286.297	115.383894
286.401	115.183432
286.505	115.373896
286.608	116.069144
286.711	116.915008
286.813	117.633609
286.915	117.337997
287.017	117.603635
287.119	118.237478
287.22	118.107141
287.322	118.390292
287.422	119.178074
287.524	117.669367
287.625	119.440214
287.725	120.305983
287.825	119.55445
287.925	120.615546
288.032	120.743053
288.132	120.122931
288.232	120.264974
288.339	120.804778
288.439	120.342163
288.539	120.279454
288.639	120.207147
288.747	120.40199
288.847	119.534205
288.947	119.762078
289.047	120.42791
289.147	120.240873
289.247	119.225437
289.348	119.55923
289.449	119.012582
289.55	118.683019
289.65	119.444984
289.751	118.502513
289.852	119.673695
289.953	118.915888
290.054	118.131557
290.155	118.721753
290.257	118.513061
290.359	117.537976
290.46	118.917067
290.561	118.237478
290.662	118.767579
290.763	118.487317
290.865	117.789489
290.967	117.462042
291.069	117.764058
291.172	117.396541
291.273	118.202524
291.376	116.767127
291.478	117.734018
291.58	116.999361
291.683	116.633193
291.785	118.011898
291.888	116.259172
291.991	116.187131
292.094	116.35839
292.199	115.17789
292.303	115.033266
292.407	115.558328
292.51	116.001823
292.615	115.120433
292.718	115.718809
292.822	115.250899
292.926	115.470497
293.03	115.433827
293.135	115.057531
293.239	114.646414
293.345	113.304123
293.45	114.168651
293.556	113.494871
293.662	113.500239
293.767	113.546419
293.873	113.105485
293.98	112.615096
294.087	112.531667
294.193	112.591864
294.3	112.482091
294.407	111.595051
294.515	111.279434
294.615	110.805919
294.723	111.056984
294.83	111.242284
294.93	110.875165
295.038	110.24686
295.139	109.105701
295.24	109.341029
295.34	109.459639
295.441	108.874604
295.542	109.507585
295.644	108.148843
295.746	107.917555
295.847	108.399308
295.949	108.01823
296.05	108.199919
296.153	107.674592
296.255	107.734703
296.358	106.88675
296.46	107.235822
296.564	106.509008
296.667	106.289782
296.771	106.231273
296.874	106.437896
296.978	105.326997
297.082	106.184115
297.187	104.341904
297.292	104.835127
297.398	103.811143
297.505	102.913721
297.611	103.991722
297.717	103.627285
297.824	103.314857
297.93	103.176282
298.038	102.341159
298.145	102.146326
298.252	102.702332
298.359	103.14629
298.466	102.998533
298.573	102.807918
298.68	103.069938
298.787	102.383059
298.895	102.24128
299.001	102.880995
299.109	102.61419
299.216	102.96285
299.322	103.339122
299.429	102.75319
299.535	103.739674
299.641	103.376998
299.748	103.67612
299.854	103.624356
299.96	103.662441
300.066	103.725979
300.171	104.294417
300.277	103.999588
300.383	103.700554
300.489	103.568744
300.596	103.639977
300.701	104.434032
300.806	104.775226
300.911	104.411232
301.016	104.635682
301.121	104.918133
301.226	105.351219
301.33	105.676091
301.433	106.080677
301.538	104.975204
301.643	105.092546
301.747	105.342127
301.851	106.46365
301.954	105.999921
302.058	105.720792
302.161	107.085494
302.264	106.932468
302.367	106.585365
302.47	106.820333
302.573	107.189844
302.676	106.455395
302.779	107.176267
302.881	107.253597
302.984	107.355132
303.086	107.394961
303.189	107.477857
303.29	108.297922
303.392	108.384355