0.0	112.499965
0.107	112.13944099999999
0.214	112.18414419999999
0.321	112.29920785714285
0.428	112.45245644444444
0.534	112.67276618181818
0.641	112.8487403076923
0.747	113.10354793333333
0.853	113.25307120000002
0.958	113.4894754
1.064	113.7260178
1.17	114.001736
1.275	114.20500166666666
1.379	114.37317266666666
1.484	114.61581333333332
1.589	114.82550146666667
1.693	115.04781633333332
1.797	115.3305326
1.9	115.60269806666665
2.004	115.77823446666665
2.108	116.00871146666665
2.211000001	116.21249733333333
2.315000001	116.47309253333333
2.418000001	116.73655059999997
2.519000001	116.96730333333332
2.622000001	117.19432579999999
2.725000001	117.45884219999998
2.827000001	117.70716966666667
2.928000001	118.07994759999998
3.030000001	118.27242100000002
3.131000001	118.5840882
3.232000001	118.8214386
3.333000001	118.98089493333332
3.433000001	119.18877399999998
3.533000001	119.46324159999999
3.633000001	119.73544533333332
3.734000001	120.03856973333332
3.841000001	120.27019453333332
3.941000001	120.52740433333334
4.049000001	120.7658136666667
4.157000001	121.01144933333335
4.257000001	121.19034753333335
4.363000001	121.40442613333336
4.469000001	121.57551706666666
4.576000001	121.87797546666668
4.682000001	122.031897
4.788000001	122.29162046666669
4.894000001	122.51951899999999
5.000000001	122.78182013333334
5.106000001	123.03386646666668
5.212000001	123.24967786666667
5.317000001	123.41929426666667
5.423000001	123.64583026666668
5.528000001	123.83891266666667
5.632000001	124.07213266666668
5.737000001	124.24677666666668
5.842000001	124.44049373333334
5.946000001	124.62001666666666
6.049000001	124.80133273333333
6.153000001	125.027788
6.257000001	125.29534466666668
6.360000001	125.48595553333331
6.464000001	125.6427613333333
6.567000001	125.85975686666664
6.671000001	126.08422033333333
6.775000001	126.25660206666666
6.877000001	126.35333793333332
6.979000001	126.4882484
7.082000002	126.59226360000001
7.184000002	126.803121
7.286000002	126.91697966666668
7.388000002	127.07746166666666
7.490000002	127.23819959999999
7.593000002	127.40106666666665
7.695000002	127.41728966666665
7.797000002	127.5038242
7.898000002	127.67072013333333
8.000000002	127.78306406666667
8.102000002	127.91866320000001
8.204000002	128.0541662
8.305000002	128.05491673333333
8.407000002	128.1949544
8.508000002	128.35895066666666
8.609000002	128.49554733333332
8.710000002	128.44108693333334
8.811000002	128.53355093333332
8.911000002	128.61821906666665
9.013000002	128.71403946666666
9.114000002	128.738563
9.214000002	128.84080333333333
9.315000002	128.90262433333334
9.416000002	128.9722362
9.518000002	129.01083413333333
9.618000002	128.9424986
9.719000002	128.9253566666667
9.820000002	129.049238
9.921000002	129.09049860000002
10.021	129.12175826666666
10.121	129.09697286666668
10.222	129.1233532
10.323	129.18672653333334
10.424	129.1922994
10.524	129.24236393333334
10.625	129.27642026666666
10.732	129.29198706666668
10.833	129.27743086666666
10.934	129.24831120000002
11.035	129.3610722
11.135	129.4037082
11.235	129.42652193333336
11.336	129.36277966666668
11.437	129.2620424
11.537	129.2257054
11.637	129.16122673333334
11.737	129.17524486666667
11.838	129.09067153333334
11.938	128.98391353333332
12.039	128.83878133333332
12.141	128.68028099999998
12.241	128.62063353333335
12.343	128.45012873333334
12.444	128.24891533333331
12.545	127.96441986666666
12.647	127.82646646666669
12.749	127.6210478
12.851	127.45751079999998
12.953	127.32818126666665
13.055	127.11744633333332
13.158	127.03321346666664
13.261	126.82166013333332
13.363	126.643882
13.466	126.51222806666667
13.569	126.37252886666667
13.672	126.2470072
13.775	126.0220614
13.878	125.94282113333333
13.981	125.76747326666664
14.085	125.60938799999998
14.188	125.37752059999997
14.292	125.17657353333331
14.396	125.02630399999998
14.5	124.75037139999998
14.604	124.49973813333334
14.708	124.246632
14.813	124.02095966666667
14.919	123.780715
15.024	123.55689806666666
15.129	123.31028213333333
15.236	123.03775046666667
15.342	122.79552613333334
15.448	122.51746626666667
15.554	122.29116180000001
15.661	122.05554726666668
15.767	121.86678246666669
15.873	121.61344546666668
15.973	121.34478333333335
16.08	121.19800140000001
16.187	120.9903366
16.287	120.77042800000001
16.395	120.52951946666666
16.502	120.34939666666668
16.602	120.04314906666667
16.703	119.69064666666665
16.803	119.49693246666666
16.903	119.28296279999998
17.004	118.99607073333333
17.105	118.73452013333335
17.206	118.45675513333335
17.308	118.16495733333335
17.411	117.90006306666668
17.512	117.60223533333331
17.614	117.32782820000001
17.717	117.05981226666664
17.819	116.73962039999999
17.923	116.48356646666667
18.026	116.18652746666666
18.129	115.9016032
18.234	115.69696766666668
18.337	115.38308486666666
18.441	115.04253
18.546	114.77245026666667
18.651	114.49585113333333
18.755	114.21253619999997
18.861	113.96451566666664
18.966	113.70526486666667
19.073	113.45943086666665
19.179	113.19688733333332
19.285	112.95569026666666
19.392	112.72209893333334
19.499	112.50394486666666
19.605	112.21867293333331
19.713	112.02555693333332
19.82	111.789326
19.928	111.59193199999999
20.035	111.38720066666666
20.143	111.17022226666667
20.251	110.89484093333333
20.359	110.66176753333333
20.459	110.36231419999999
20.559	110.18686406666667
20.668	109.97598133333332
20.768	109.75011119999999
20.868	109.48322273333332
20.969	109.27420526666666
21.071	108.99401239999999
21.172	108.836984
21.273	108.610867
21.375	108.38360606666667
21.476	108.16122433333334
21.578	108.01055079999999
21.68	107.86714493333331
21.78300001	107.72396506666662
21.88400001	107.65515826666665
21.98700001	107.5541558
22.09000001	107.34622286666666
22.19300001	107.16482146666667
22.29500001	107.00243886666667
22.39800001	106.85531633333333
22.50100001	106.71177593333333
22.60400001	106.59868626666665
22.70700001	106.41492566666665
22.81	106.29652039999999
22.91400001	106.17712053333334
23.01800001	106.05839193333331
23.12200001	105.80531839999999
23.22600001	105.6770676
23.33100001	105.5406326
23.435	105.42453886666665
23.53900001	105.24460713333332
23.64400001	105.14705486666666
23.74900001	105.06289606666664
23.85500001	104.95091699999998
23.95900001	104.88022006666667
24.06400001	104.82012706666664
24.16900001	104.71685359999998
24.27400001	104.59327026666668
24.38000001	104.50919613333332
24.48500001	104.47962433333335
24.59100001	104.39691413333335
24.69600001	104.44103706666667
24.801	104.33931166666666
24.906	104.34796606666666
25.01300001	104.23132899999999
25.118	104.26776426666666
25.22400001	104.20308566666668
25.32900001	104.18470806666667
25.435	104.1801732
25.54	104.14863746666668
25.64600001	104.0715878
25.752	104.06568420000002
25.857	104.10216893333335
25.96300001	104.05737153333334
26.069	104.04445366666668
26.174	104.03962313333334
26.28000001	104.01380526666667
26.386	103.9850282
26.49200001	103.99065513333332
26.598	104.02870526666668
26.70400001	103.9543286
26.80900001	104.0217892
26.91500001	104.02244626666666
27.02100001	104.05510473333335
27.12700001	104.04592206666666
27.23200001	104.1048248
27.33800001	104.13814653333336
27.44400001	104.18844080000001
27.54900001	104.23067206666666
27.65500001	104.21983599999999
27.76000001	104.29375459999999
27.86600001	104.35019319999998
27.97100001	104.44278513333332
28.07600001	104.43914313333335
28.18100001	104.49872400000002
28.28700001	104.621205
28.39300001	104.68803873333334
28.49700001	104.8250698
28.60200001	104.87178166666666
28.70700001	105.01294266666666
28.81200001	105.11362646666664
28.91700001	105.20799066666665
29.02100001	105.38378219999998
29.12500001	105.5580765333333
29.22900001	105.79404439999999
29.33300001	105.95048613333331
29.43700001	106.05360893333334
29.54100001	106.21676386666667
29.64500001	106.400861
29.74700001	106.55030413333336
29.85000001	106.72204580000002
29.95200001	106.89398426666668
30.05500001	106.99946440000002
30.15800001	107.20916533333335
30.26100001	107.3582574
30.36300001	107.4908068
30.46500001	107.68942913333333
30.56700001	107.8483282
30.66900001	108.03596086666666
30.77100001	108.19939359999996
30.87300001	108.36766413333332
30.97400001	108.58651473333333
31.07600001	108.79297086666665
31.17700001	109.00623933333333
31.27700001	109.19305233333334
31.37700001	109.37214753333335
31.47700001	109.52428479999999
31.57800001	109.75347319999999
31.67800001	109.9897982
31.78600001	110.23931486666666
31.88600001	110.44944013333333
31.98600001	110.62027439999999
32.09400001	110.78263926666665
32.19400001	110.98551513333332
32.30200001	111.21717786666666
32.40900001	111.41441433333334
32.51600001	111.66162306666666
32.62400001	111.87585953333333
32.73100001	112.13987473333333
32.83800001	112.4108356
32.94500001	112.67408773333334
33.05100001	112.95518746666667
33.15700001	113.22473953333333
33.26300001	113.38817026666666
33.36800001	113.63001379999999
33.47300001	113.97786173333333
33.57800001	114.2963622
33.68300001	114.56634373333334
33.78700001	114.87084953333333
33.89200001	115.10428946666666
33.99600001	115.42588333333333
34.10000001	115.69386513333333
34.20300001	115.99453153333334
34.30600001	116.2453772
34.41000001	116.46383933333331
34.51200001	116.77254513333332
34.61500001	117.05465326666668
34.71700001	117.31407173333334
34.81900001	117.66361926666667
34.92000001	117.9284016
35.02200001	118.12953940000001
35.12400001	118.40535853333334
35.22400001	118.68560766666666
35.32500001	118.87024006666667
35.42600001	119.10744373333334
35.52600001	119.34173186666666
35.62700001	119.66206673333333
35.72700001	119.90651506666667
35.82700001	120.19231546666668
35.93500001	120.43996166666668
36.03500001	120.63046960000001
36.14200001	120.87044940000001
36.24200001	121.13899113333333
36.34800001	121.33819706666667
36.45400001	121.56016233333331
36.56100001	121.79226333333332
36.66800001	122.0496848
36.77400001	122.24006260000002
36.88000001	122.51058546666668
36.98600001	122.77919353333336
37.09200001	122.97590933333335
37.19800001	123.1846176
37.30300001	123.3006542
37.40800001	123.49670133333332
37.51300001	123.77579766666666
37.61800001	123.96281993333334
37.72200001	124.12946233333334
37.82700001	124.26829666666667
37.93100001	124.46947553333334
38.03600001	124.67395853333333
38.14000001	124.91983913333334
38.24300001	125.04605713333333
38.34700001	125.24960966666667
38.45100001	125.47952946666668
38.55500001	125.67852553333334
38.65900001	125.89267206666666
38.76200001	126.01374506666667
38.86400001	126.24254186666667
38.96700001	126.29807753333333
39.07000001	126.37770206666666
39.17200001	126.53799133333332
39.27400001	126.73148959999999
39.37600001	126.83558053333333
39.47800001	126.9398874
39.58100001	127.08672006666669
39.68400001	127.16928033333333
39.78600001	127.25197793333335
39.88800001	127.40833753333335
39.99000001	127.47843046666667
40.09300001	127.52313906666664
40.19500001	127.6370678
40.29600001	127.70766933333334
40.39800001	127.81096966666668
40.50000001	127.97384753333334
40.60100001	128.11951746666668
40.70200001	128.1618384
40.80300001	128.2521814
40.90400001	128.39490306666667
41.00500001	128.46209773333334
41.10700001	128.47138826666665
41.20800001	128.51785133333334
41.30800001	128.61536346666668
41.41000001	128.66806473333335
41.51100001	128.63800346666667
41.61100001	128.70745433333335
41.71300001	128.72941046666668
41.81400001	128.6972338
41.91500001	128.74584480000001
42.01600001	128.73659786666667
42.11600001	128.7116748
42.21800001	128.76978413333333
42.31800001	128.79365879999997
42.41900001	128.83754066666665
42.52100001	128.89442693333334
42.62100001	128.8160204
42.72200001	128.83573613333334
42.82300001	128.788007
42.92400001	128.74995593333333
43.02500001	128.75989633333333
43.12500001	128.62725393333332
43.22600001	128.58099646666668
43.32800001	128.58401946666666
43.42900001	128.44861146666665
43.53000001	128.37326539999998
43.63100001	128.2897813333333
43.73200001	128.16236
43.83400001	127.99000833333335
43.93600001	127.76106666666668
44.03700001	127.54110973333334
44.13900001	127.5149624666667
44.24100001	127.39966893333336
44.34300001	127.30800479999999
44.44600001	127.1279072
44.54800001	126.9296938
44.65100001	126.83513426666667
44.75500001	126.59346753333332
44.85700001	126.47505406666666
44.95900001	126.3598128
45.06200001	126.17580426666667
45.16500001	126.03375293333332
45.26900001	125.88210673333333
45.37200001	125.70767926666667
45.47600001	125.57770753333332
45.57900001	125.48913773333335
45.68300001	125.28405273333331
45.78700001	125.07463153333333
45.89100001	124.872452
45.99500001	124.6596864
46.09900001	124.46584613333334
46.20400001	124.20743186666665
46.30900001	124.04025959999998
46.41400001	123.76453739999998
46.51800001	123.55370666666666
46.62400001	123.38881713333333
46.72900001	123.11242033333333
46.83500001	122.8779696
46.94200001	122.59972653333334
47.04800001	122.35624080000002
47.15500001	122.09268506666666
47.26100001	121.77136526666666
47.36700001	121.4946582
47.47500001	121.23552913333333
47.58200001	121.03179373333333
47.68200001	120.85762766666667
47.79000001	120.6280556
47.89800001	120.39245206666666
47.99800001	120.16610506666667
48.09900001	119.8884884
48.19900001	119.6461594
48.29900001	119.45925813333334
48.39900001	119.23237493333336
48.50000001	119.06516613333335
48.60100001	118.86552726666669
48.70200001	118.57589866666666
48.80400001	118.4266276
48.90500001	118.12859706666667
49.00600001	117.87584666666666
49.10800001	117.57641273333333
49.21000001	117.32406486666667
49.31200001	117.06959266666668
49.41600001	116.80147320000002
49.51800001	116.51384726666669
49.62200001	116.25703593333334
49.72600001	115.90036426666666
49.83000001	115.58480133333332
49.93300001	115.2990824
50.03800001	114.94019726666664
50.14200001	114.59982439999999
50.24700001	114.36435073333331
50.35200001	114.07244386666665
50.45800001	113.85432239999997
50.56400001	113.59075066666666
50.67000001	113.33302599999999
50.77700001	113.00495219999999
50.88300001	112.77192093333333
50.99000001	112.47330186666667
51.09700001	112.23553026666669
51.20400001	111.92630406666667
51.31100001	111.75953306666666
51.41800001	111.50723966666668
51.52600001	111.28177559999999
51.63400001	111.0999674
51.73400001	110.928994
51.84200001	110.7226084
51.94200001	110.51033486666665
52.04200001	110.30644513333333
52.14200001	110.01979566666665
52.24200001	109.78891033333333
52.34200001	109.64387533333334
52.44200001	109.38968046666668
52.54300001	109.20983613333334
52.64400001	109.00004813333335
52.74400001	108.82881926666668
52.84700001	108.5692814666667
52.94800001	108.38912686666669
53.04900001	108.23569766666667
53.15200001	108.07104260000001
53.25400001	107.90875419999999
53.35600001	107.73065746666667
53.45900001	107.56710766666667
53.56200001	107.4140584
53.66400001	107.35521073333334
53.76600001	107.19286713333334
53.86900001	107.0098374666667
53.97100001	106.90890233333333
54.07400001	106.84815053333334
54.17800001	106.74123179999998
54.28100001	106.64480726666666
54.38300001	106.55834373333333
54.48700001	106.48214159999999
54.59100001	106.31610140000001
54.69500001	106.19084686666666
54.79800001	106.06952286666667
54.90200001	105.90994653333334
55.00600001	105.83400433333333
55.11000001	105.74909746666665
55.21400001	105.62848860000001
55.31800001	105.60874153333333
55.42300001	105.52357539999998
55.52700001	105.45231786666666
55.63200001	105.27017253333334
55.73700001	105.17095946666669
55.84100001	105.07611346666667
55.94600001	104.98461999999999
56.05000001	104.89926340000001
56.15500001	104.79817533333332
56.26000001	104.7286492
56.36500001	104.641325
56.47100001	104.6138456
56.57600001	104.52013133333331
56.68200001	104.47956619999997
56.78700001	104.40685979999999
56.89300001	104.30445266666665
56.99900001	104.25247879999999
57.10400001	104.24436199999998
57.21000001	104.22754639999998
57.31500001	104.15752426666667
57.42000001	104.1341284
57.52600001	104.13189453333331
57.63200001	104.04482253333332
57.73700001	104.1252446
57.84300001	104.14385206666667
57.94900001	104.13160053333334
58.05500001	104.09309006666668
58.16100001	104.11226620000001
58.26600001	104.08517306666667
58.37300001	104.1354026
58.47800001	104.18925506666668
58.58300001	104.22328859999999
58.68800001	104.17439126666665
58.79500001	104.22005366666666
58.90000001	104.29160019999999
59.00500001	104.35072066666667
59.11000001	104.40266553333336
59.21500001	104.53232420000002
59.32100001	104.59408173333335
59.42600001	104.59031246666667
59.53200001	104.74257400000002
59.63700001	104.86330706666668
59.74200001	104.99521499999999
59.84700001	105.13529906666666
59.95100001	105.22267373333334
60.05500001	105.3335486
60.16000001	105.47280746666665
60.26400001	105.67082253333332
60.36800001	105.82122093333331
60.47200001	105.99876239999999
60.57500001	106.16944659999997
60.67900001	106.31884179999999
60.78200001	106.39700126666665
60.88500001	106.47349486666667
60.98800001	106.68403200000002
61.09100001	106.80264786666666
61.19400001	106.9942948
61.29600001	107.06714466666668
61.39900001	107.17738100000001
61.50200001	107.32602486666666
61.60500001	107.48274966666666
61.70700001	107.63408226666667
61.80900001	107.76626013333333
61.91000001	107.92928746666666
62.01300001	108.05434593333332
62.11400001	108.19325026666667
62.21600001	108.35425466666668
62.31700001	108.61643186666667
62.41800001	108.8439982
62.51900001	109.00604666666668
62.62000001	109.15827753333335
62.72100001	109.36493293333336
62.82100001	109.57712313333334
62.92200001	109.81069706666668
63.03000001	110.03082033333334
63.13000001	110.24371606666665
63.23000001	110.44131459999998
63.33900001	110.65103773333333
63.44600001	110.84631506666665
63.54600001	111.09878926666666
63.65300001	111.32279806666665
63.76100001	111.60731953333332
63.86800001	111.8748956
63.97500001	112.1319562
64.08200001	112.35996133333335
64.18900001	112.63191846666665
64.29600001	112.84769166666665
64.40200001	113.11373553333333
64.50700001	113.33195933333333
64.61200001	113.56073673333331
64.71700001	113.81800973333333
64.82300001	114.05551726666666
64.92800001	114.37080846666667
65.03300001	114.62069793333335
65.13700001	114.81824173333334
65.24200001	115.11580920000002
65.34600001	115.39984513333333
65.44900001	115.61632666666667
65.55300001	115.87542279999998
65.65600001	116.20665766666664
65.76000001	116.42120786666665
65.86300001	116.66912273333332
65.96600001	116.98620053333333
66.06700001	117.31780733333333
66.16900001	117.66917666666667
66.27100001	117.96975793333334
66.37200001	118.27458499999999
66.47400001	118.44056440000001
66.57600001	118.80223873333335
66.67600001	119.097939
66.77600001	119.33583413333334
66.87600001	119.59491946666668
66.97600001	119.83464620000001
67.08400001	120.05378853333333
67.18400001	120.25216773333334
67.29200001	120.5215562
67.40000001	120.805019
67.50700001	121.0527242
67.61400001	121.26839446666666
67.72100001	121.42195673333332
67.82800001	121.62933086666666
67.93500001	121.81771513333335
68.04200001	122.04784000000001
68.14800001	122.22525040000001
68.25400001	122.4575686
68.35900001	122.69064213333334
68.46500001	122.8590288
68.57100001	123.04728146666667
68.67600001	123.31773586666668
68.78200001	123.53194400000001
68.88700001	123.82702513333335
68.99200001	124.1071238
69.09700001	124.27437546666668
69.20100001	124.487474
69.30600001	124.72138926666666
69.41000001	124.88549746666666
69.51400001	125.15857233333334
69.61700001	125.36428320000002
69.71900001	125.59052526666667
69.82300001	125.81493473333335
69.92600001	125.94792813333335
70.02900001	126.11697933333335
70.13200001	126.34634580000002
70.23400001	126.41315673333334
70.33800001	126.6182346
70.44000001	126.6689868
70.54200001	126.81611233333332
70.64500001	127.00358493333331
70.74700001	127.12199820000001
70.84900001	127.26883553333333
70.95200002	127.4010332
71.05400001	127.46944046666667
71.15600002	127.631591
71.25700001	127.75070406666664
71.35800002	127.8496543333333
71.46000001	128.02735299999998
71.56100002	128.1649845333333
71.66300002	128.30805846666664
71.76400002	128.4469645333333
71.86600002	128.55086293333332
71.96600002	128.694178
72.06700002	128.685922
72.16800002	128.73117893333333
72.26900002	128.80495033333332
72.36900002	128.87653213333334
72.47000002	128.9691172
72.57100002	129.00801453333335
72.67200002	129.10719193333335
72.77200002	129.13411719999996
72.87300001	129.10511713333332
72.97400002	129.10537326666665
73.07400001	129.17804073333335
73.17500002	129.09760839999998
73.27600002	129.18597346666667
73.37600002	129.243738
73.47600002	129.18196966666667
73.57800002	129.19909406666667
73.67900001	129.2042282666667
73.78600001	129.17824646666668
73.88700002	129.13563126666665
73.98700001	129.04338166666668
74.08700002	129.01710126666666
74.18900002	128.98758859999998
74.28900002	128.91745659999998
74.39000002	128.9413685333333
74.49100002	128.89085873333335
74.59200001	128.74466180000002
74.69400002	128.7811902
74.79500001	128.60267693333333
74.89500002	128.4142654
74.99700002	128.37530286666666
75.09800002	128.3317292
75.19900001	128.21009246666668
75.30100002	128.09326213333333
75.40200001	127.97715533333333
75.50400002	127.9248852
75.60600002	127.82670386666669
75.70800001	127.68135933333333
75.80900002	127.51530780000002
75.91100002	127.40737700000001
76.01300002	127.29313886666668
76.11600002	127.24428573333333
76.21800002	127.0055746
76.32100002	126.9411788
76.42300002	126.86470906666666
76.52600002	126.74309546666667
76.62800002	126.52397653333333
76.73100002	126.33456100000002
76.83300002	126.15282993333334
76.93700002	125.95945513333332
77.04000002	125.78419219999999
77.14300002	125.61993066666668
77.24600002	125.40229206666667
77.35000002	125.27037153333332
77.45500002	125.10306779999999
77.55900002	124.89638626666665
77.66400002	124.61502113333333
77.76800002	124.41632153333335
77.87300002	124.17254293333333
77.97800002	123.91630113333333
78.08300002	123.61273873333333
78.18700002	123.35482633333335
78.29200002	123.18831646666668
78.39800002	123.04959879999998
78.50400002	122.84145586666665
78.61000002	122.56899773333333
78.71700002	122.29223406666665
78.82400002	122.04273926666664
78.93100002	121.79452519999998
79.03800002	121.53619686666666
79.14400002	121.26516079999998
79.25100002	121.06056286666666
79.35100002	120.81141793333332
79.45100002	120.53782879999999
79.55100002	120.31192306666667
79.65100002	120.120058
79.75800002	119.92670206666665
79.85900002	119.66484766666666
79.95900002	119.33370613333334
80.06000002	119.06808053333332
80.16100002	118.82068653333332
80.26200002	118.58472106666666
80.36400002	118.30854986666667
80.46500002	118.03630819999998
80.56700002	117.73478126666666
80.66900002	117.41400086666665
80.77200002	117.07811946666666
80.87400002	116.90873159999998
80.97700002	116.62543606666667
81.08100002	116.31764086666668
81.18400002	116.02205586666668
81.28700002	115.7006038
81.39200002	115.40235900000002
81.49700002	115.15695986666668
81.60000002	114.86716
81.70500002	114.57558913333334
81.81000002	114.33963346666668
81.91500002	114.1852414
82.02100002	113.89506646666668
82.12700002	113.6421952
82.23200002	113.49060720000001
82.33900002	113.26634733333336
82.44600002	112.95650866666668
82.55200002	112.75365660000001
82.65700002	112.56200333333335
82.76500002	112.3141928
82.87200002	112.10336386666667
82.97800002	111.88686
83.08600002	111.60008373333332
83.19400002	111.39026713333332
83.30200002	111.21738073333331
83.40900002	110.98070606666667
83.50900002	110.70356513333331
83.60900002	110.528368
83.71700002	110.35925693333333
83.81800002	110.09681106666667
83.91800002	109.9224488
84.01900002	109.69621626666667
84.11900002	109.53540113333334
84.22000002	109.30957253333334
84.32000002	109.14476086666667
84.42100002	108.99345246666665
84.52200002	108.81548699999999
84.62300002	108.73132353333334
84.72500002	108.6219772
84.82600002	108.43397393333333
84.92800002	108.20791833333332
85.03000002	108.09084819999998
85.13200002	107.96450293333332
85.23400002	107.75403460000001
85.33500002	107.63782873333335
85.43700002	107.4498586
85.54000002	107.34792226666667
85.64400002	107.18769466666667
85.74600002	107.07919706666665
85.84900002	106.94825480000002
85.95200002	106.84260893333334
86.05500002	106.72131646666666
86.15900002	106.52586993333333
86.26200002	106.36866626666666
86.36500002	106.26318859999999
86.46900002	106.18671213333333
86.57300002	106.04800206666665
86.67600002	105.91029266666668
86.78000002	105.82863866666666
86.88400002	105.7350542666667
86.98900002	105.67040666666666
87.09300002	105.60203220000001
87.19800002	105.48237206666667
87.30200002	105.35824086666666
87.40700002	105.28821653333334
87.51100002	105.11506473333334
87.61600002	105.06987526666667
87.72000002	105.06672433333333
87.82400002	104.98243346666666
87.93000002	104.94100486666666
88.03500002	104.88672793333333
88.14000002	104.77332840000001
88.24600002	104.67993926666666
88.35000002	104.65990186666666
88.45500002	104.64851053333335
88.56000002	104.60264693333335
88.66500002	104.51115560000001
88.77100002	104.53222893333334
88.87700002	104.49024126666667
88.98300002	104.5023716
89.08800002	104.55827853333332
89.19200002	104.55130453333331
89.29800002	104.54983059999999
89.40300002	104.56394780000001
89.50800002	104.54123866666666
89.61400002	104.65125906666667
89.71900002	104.72354893333335
89.82400002	104.78160673333333
89.92800002	104.77199733333335
90.03300002	104.76217700000001
90.13800002	104.83690500000003
90.24400002	104.94701179999998
90.34800002	104.98051066666666
90.45300002	105.11188806666664
90.55800002	105.13264699999996
90.66200002	105.22285433333332
90.76700002	105.24071726666666
90.87200002	105.33528393333334
90.97500002	105.42012286666667
91.08000002	105.55301813333334
91.18400002	105.6421748
91.28800002	105.73963313333336
91.39200002	105.85253886666668
91.49600002	105.95353773333333
91.60000002	106.06323660000001
91.70400002	106.16904473333335
91.80700002	106.296179
91.91000002	106.39883733333336
92.01300002	106.50388726666668
92.11600002	106.67598066666666
92.22000002	106.78573733333334
92.32300002	106.98093693333334
92.42600002	107.102849
92.52800002	107.27824346666667
92.63100002	107.42151993333333
92.73300002	107.54252460000001
92.83500002	107.6620908
92.93700002	107.81898773333334
93.03900002	108.06955573333333
93.14000002	108.29638653333333
93.24200002	108.51382526666666
93.34300002	108.7022272
93.44400002	108.94621606666668
93.54600002	109.13792886666667
93.64700002	109.25885693333335
93.74700002	109.48695260000001
93.84700002	109.68387166666666
93.95500002	109.88357119999999
94.05500002	110.11801293333333
94.16300002	110.32285359999999
94.26300002	110.55411039999998
94.36300002	110.79819446666666
94.47100002	111.05045153333332
94.57900002	111.25625959999999
94.68700002	111.48985699999999
94.79400002	111.64918453333333
94.90200002	111.80925066666666
95.00900002	112.02802813333331
95.11600002	112.28010826666666
95.22200002	112.62443046666667
95.32800002	112.90984666666667
95.43400002	113.12402960000001
95.54000002	113.3739738
95.64700002	113.6938048
95.75200002	113.93187126666666
95.85700002	114.14663133333332
95.96200002	114.47670366666665
96.06600002	114.72683339999999
96.17100002	114.98231726666667
96.27500002	115.19665473333335
96.37800002	115.48658193333334
96.48200002	115.78673713333333
96.58600002	116.07336740000001
96.68800002	116.32384093333333
96.79100002	116.52834493333333
96.89400002	116.74506233333335
96.99700002	117.05713906666668
97.09900002	117.3331018666667
97.20100002	117.48942293333334
97.30300002	117.8206146
97.40500002	118.11349713333333
97.50700002	118.29918853333334
97.60800002	118.6070904
97.70800002	118.89087653333334
97.80900002	119.15138553333334
97.91000002	119.47499580000002
98.01000002	119.74436320000001
98.11000002	120.02317720000002
98.21000002	120.38320433333335
98.31800002	120.69235606666666
98.42500002	120.95598620000001
98.53200002	121.25786693333333
98.63900002	121.52356853333335
98.74600002	121.78967393333333
98.85200002	122.05708693333332
98.95800002	122.29162593333332
99.06400002	122.52135646666666
99.17000002	122.77860293333333
99.27500002	122.99390786666666
99.38000002	123.2354138
99.48600002	123.41985326666668
99.59100002	123.68577973333335
99.69600002	123.92393173333335
99.80200002	124.07030186666667
99.90600002	124.19142099999999
100.01	124.41750799999998
100.115	124.56845499999999
100.219	124.76277573333331
100.323	125.05762066666666
100.426	125.22896973333333
100.53	125.47433733333332
100.634	125.67113953333333
100.737	125.75663626666666
100.84	125.90437739999999
100.943	126.15546366666665
101.045	126.35909186666665
101.148	126.49374766666665
101.25	126.638179
101.353	126.80914419999999
101.457	127.1130628
101.559	127.26689413333334
101.661	127.46964986666666
101.762	127.6599634
101.864	127.75492053333332
101.966	127.86311953333332
102.067	127.96520719999998
102.168	128.14096746666667
102.269	128.33214853333334
102.37	128.53057426666666
102.471	128.64557926666666
102.572	128.77983453333334
102.673	128.96572086666666
102.774	129.0557683333333
102.875	129.19368086666665
102.976	129.27358713333334
103.076	129.36025446666667
103.176	129.39444253333335
103.277	129.4771759333333
103.384	129.5010756
103.484	129.6029982
103.584	129.65239033333333
103.684	129.7475271333333
103.785	129.85828839999996
103.885	129.89625786666664
103.985	129.89746586666664
104.085	129.91957326666667
104.185	129.90733893333334
104.286	129.9584231333333
104.386	129.97962853333334
104.493	129.98536199999998
104.593	130.03053306666666
104.693	130.093706
104.793	130.13920086666667
104.893	130.27288586666663
104.993	130.32121986666664
105.1	130.32904906666664
105.2	130.3098877333333
105.307	130.32452186666663
105.407	130.4108728
105.514	130.46086746666666
105.62	130.38351146666665
105.72	130.31922386666668
105.82	130.28872553333335
105.92	130.26838686666667
106.02	130.25363533333334
106.126	130.2129472
106.226	130.1166094
106.327	130.0984342666667
106.427	129.9717739333333
106.527	129.873929
106.627	129.77586513333333
106.727	129.67421180000002
106.828	129.54038633333337
106.928	129.3299324666667
107.028	129.1684320666667
107.128	129.07971406666667
107.229	128.93795593333334
107.331	128.86433760000003
107.432	128.75388740000002
107.533	128.53994973333337
107.634	128.33021386666667
107.736	128.17126433333334
107.837	127.89512893333334
107.94	127.710055
108.041	127.56114673333335
108.142	127.44026566666666
108.245	127.20197966666666
108.347	127.0228156
108.45	126.83167286666665
108.553	126.65133159999999
108.655	126.40890686666667
108.758	126.29157026666667
108.861	126.00722706666667
108.965	125.71006946666667
109.068	125.53281766666666
109.172	125.31559806666668
109.275	125.09166820000002
109.38	124.900001
109.484	124.62244133333336
109.588	124.3556394
109.693	124.0575686
109.798	123.93491573333333
109.903	123.67374686666666
110.009	123.39982779999998
110.114	123.12266393333331
110.22	122.96298013333332
110.326	122.70864726666666
110.433	122.41821626666665
110.539	122.20316986666667
110.645	121.89152293333333
110.752	121.63924540000001
110.859	121.3700980666667
110.966	121.05599726666668
111.073	120.81687986666665
111.173	120.49384
111.281	120.31501606666667
111.381	119.99980773333333
111.482	119.7139993333333
111.582	119.43664239999998
111.683	119.11363826666668
111.784	118.76949246666666
111.886	118.42830020000001
111.987	118.24723173333335
112.088	117.95066360000001
112.19	117.67754246666667
112.292	117.40350953333333
112.395	117.16751213333333
112.498	116.8756236
112.601	116.53374266666667
112.702	116.23789566666666
112.81	115.89714306666669
112.914	115.61932873333335
113.018	115.32116406666667
113.122	115.04200086666667
113.226	114.85415706666666
113.332	114.58385079999998
113.437	114.34492039999996
113.54	113.97071806666665
113.645	113.68194033333332
113.751	113.41720939999998
113.857	113.17698960000003
113.963	112.86225033333334
114.069	112.63351820000001
114.176	112.45256993333334
114.283	112.27119520000001
114.39	112.03586480000003
114.498	111.77349686666668
114.605	111.60649826666668
114.714	111.35178259999999
114.821	111.1281224
114.921	110.91474080000002
115.029	110.674634
115.137	110.55964233333333
115.237	110.3631544
115.337	110.2074024
115.437	109.99087553333332
115.537	109.84506633333332
115.638	109.72369919999998
115.739	109.5353794
115.848	109.35080073333332
115.949	109.24942833333331
116.049	109.10604926666664
116.151	108.88960046666668
116.252	108.80014399999999
116.352	108.62094673333334
116.454	108.4977836
116.556	108.34753040000001
116.657	108.1527366
116.759	108.0251256
116.861	107.85548526666668
116.963	107.76822746666667
117.065	107.64088033333334
117.168	107.43826713333333
117.271	107.32497613333334
117.373	107.2109726
117.476	106.9940932
117.579	106.881239
117.682	106.79528346666665
117.785	106.67766193333333
117.888	106.59728606666665
117.992	106.54461719999999
118.095	106.50789833333334
118.199	106.43264653333335
118.303	106.34772560000002
118.406	106.35281359999999
118.51	106.24025306666665
118.613	106.19751566666666
118.716	106.13039873333332
118.82	106.11588060000001
118.924	106.03539720000002
119.028	106.03546580000001
119.131	105.99051099999998
119.235	105.88695086666665
119.338	105.82657813333331
119.443	105.75757299999997
119.547	105.69090546666665
119.651	105.70635966666664
119.755	105.66888839999999
119.859	105.61565993333333
119.964	105.53147406666668
120.069	105.5261446
120.173	105.4881094
120.277	105.50446553333333
120.381	105.47045886666665
120.485	105.49386473333333
120.59	105.44595986666667
120.694	105.46540853333333
120.799	105.46008373333333
120.903	105.4936324
121.007	105.53230740000001
121.111	105.57679513333333
121.215	105.56024453333335
121.32	105.62399266666667
121.424	105.69737393333335
121.529	105.76076906666668
121.633	105.83178833333335
121.737	105.89991393333337
121.84	105.99108006666668
121.944	106.02891593333334
122.047	106.09581433333334
122.151	106.22464080000002
122.254	106.30581573333333
122.358	106.43955186666668
122.461	106.55929140000002
122.564	106.64766260000002
122.667	106.73897826666666
122.77	106.83142933333333
122.873	106.96729640000002
122.976	107.12497306666667
123.079	107.21336146666665
123.181	107.3636628
123.284	107.46526926666668
123.386	107.60437720000002
123.488	107.77849806666667
123.59	107.91797293333333
123.691	108.05105533333332
123.793	108.22708459999998
123.895	108.44589633333332
123.996	108.62261120000001
124.097	108.85635613333335
124.198	109.0762134
124.299	109.3082332
124.4	109.44298073333334
124.501	109.62703540000001
124.601	109.80087193333334
124.709	109.96859986666666
124.809	110.22053766666666
124.917	110.44664753333333
125.025	110.61610206666667
125.125	110.86916579999999
125.232	111.06384386666667
125.332	111.24162980000001
125.44	111.42359193333333
125.547	111.61333913333334
125.654	111.82539233333334
125.762	111.9739714
125.869	112.13761366666668
125.976	112.36414080000002
126.083	112.54053000000002
126.189	112.831945
126.295	113.10390333333334
126.401	113.30543253333332
126.507	113.53610773333334
126.612	113.86710426666666
126.718	114.09780060000001
126.823	114.36565380000003
126.928	114.61879360000002
127.032	114.8675574666667
127.136	115.08574673333335
127.24	115.24367140000001
127.343	115.55161786666667
127.446	115.81850706666667
127.55	116.09318233333335
127.653	116.33385753333333
127.756	116.54466333333335
127.859	116.7098832666667
127.963	116.9576832
128.064	117.20897086666668
128.166	117.41754833333333
128.268	117.66345493333333
128.37	117.96767466666667
128.472	118.22751786666666
128.574	118.46838033333333
128.675	118.76218986666666
128.775	119.08133686666669
128.876	119.36277893333335
128.976	119.67765593333334
129.076	119.95834459999999
129.176	120.24946786666669
129.276	120.51490313333332
129.383	120.8199864
129.483	121.11237093333332
129.589	121.33329946666665
129.695	121.5789674
129.802	121.84477453333332
129.908	122.05923833333333
130.015	122.35781373333333
130.121	122.57674606666666
130.227	122.88234613333334
130.333	123.1581224666667
130.438	123.32994320000002
130.544	123.54148566666667
130.649	123.72922
130.753	123.97296573333333
130.858	124.26478753333332
130.962	124.56452053333332
131.066	124.75339953333332
131.17	125.00116899999998
131.274	125.27054773333333
131.378	125.49737153333331
131.481	125.68002493333333
131.585	125.81051466666666
131.687	126.05480873333333
131.79	126.19114579999999
131.893	126.402389
131.995	126.70408006666666
132.097	126.84687566666666
132.2	127.0407084
132.303	127.22129613333331
132.405	127.458565
132.507	127.59712173333331
132.609	127.77763093333333
132.709	127.90184206666665
132.811	128.0577936
132.913	128.22423446666664
133.014	128.4223706
133.115	128.7159384
133.215	128.91856520000002
133.316	129.12605393333334
133.418	129.23850966666666
133.518	129.3146684666667
133.618	129.44782173333334
133.719	129.57902280000002
133.826	129.65811380000002
133.926	129.70907880000001
134.033	129.75671006666667
134.133	129.92061400000003
134.233	130.04095706666666
134.333	130.1054986
134.433	130.2016029333333
134.534	130.29253380000003
134.641	130.32712773333333
134.741	130.34260733333332
134.848	130.31589573333335
134.948	130.39025560000002
135.055	130.44947686666669
135.162	130.50915053333335
135.269	130.5883588
135.375	130.72941826666667
135.475	130.78351460000002
135.575	130.91611613333333
135.682	131.00151453333334
135.789	131.07394273333333
135.896	131.11888919999996
136.003	131.15189066666665
136.109	131.18423666666664
136.216	131.20502573333331
136.322	131.30380259999998
136.428	131.3465446
136.534	131.31856306666666
136.634	131.2359116
136.74	131.2367226
136.847	131.2307636
136.953	131.12550913333334
137.059	131.15182233333334
137.159	131.09048073333332
137.266	130.93125193333333
137.366	130.85447266666668
137.473	130.79058286666665
137.58	130.74485526666663
137.68	130.66063006666667
137.786	130.52477
137.886	130.39431046666667
137.986	130.27576533333334
138.086	130.22194213333333
138.193	130.1166164
138.293	129.9404902
138.393	129.80173440000002
138.493	129.6943526
138.593	129.4955152
138.694	129.39895806666667
138.794	129.24668606666665
138.895	129.03626546666666
138.997	128.8632807333333
139.098	128.67246733333334
139.199	128.48944866666665
139.3	128.31936000000002
139.401	128.1134392
139.502	127.97753713333333
139.605	127.76928966666668
139.706	127.6339764
139.808	127.46422266666667
139.91	127.32319633333334
140.013	127.15275146666666
140.115	126.92571133333334
140.218	126.64460360000001
140.32	126.40845453333334
140.423	126.21241320000003
140.527	125.95285260000001
140.629	125.7416654666667
140.733	125.5965720666667
140.836	125.38962513333335
140.94	125.18149493333335
141.045	124.94741526666667
141.15	124.71367073333334
141.255	124.48294746666666
141.359	124.29338926666667
141.463	124.06013233333331
141.568	123.77343713333332
141.673	123.53641986666665
141.778	123.28943426666665
141.884	123.06019313333331
141.99	122.8184503333333
142.096	122.58032313333332
142.201	122.27465033333333
142.308	121.95036746666668
142.415	121.67876086666668
142.522	121.35477093333334
142.63	121.09573293333334
142.738	120.81189393333334
142.846	120.51275033333333
142.946	120.22537046666666
143.046	119.87649393333332
143.146	119.66653446666666
143.247	119.39169246666667
143.347	119.13990426666665
143.448	118.92102713333331
143.549	118.70920806666663
143.651	118.46193439999999
143.752	118.2092496
143.854	117.9037758
143.956	117.60158666666668
144.058	117.35870786666669
144.16	117.06080540000002
144.262	116.78683893333336
144.365	116.54098940000002
144.469	116.32424186666667
144.572	116.03508006666667
144.676	115.74105746666665
144.78	115.45210726666664
144.885	115.14392446666666
144.989	114.85687953333331
145.094	114.55801406666664
145.198	114.30423166666667
145.304	114.10376293333333
145.409	113.86144413333332
145.515	113.63655353333333
145.621	113.36983986666665
145.727	113.1777398
145.834	112.954538
145.94	112.71558580000001
146.046	112.45716773333335
146.153	112.2891122
146.26	112.07031606666668
146.368	111.90429406666667
146.475	111.697696
146.583	111.48046893333334
146.691	111.34653040000002
146.795	111.18567006666667
146.903	110.96186766666666
147.007	110.82352686666667
147.107	110.5906172
147.207	110.45183526666666
147.307	110.29580779999998
147.412	110.14836193333332
147.512	110.00085586666665
147.612	109.79409640000002
147.712	109.60900826666668
147.813	109.46362373333335
147.914	109.29961326666668
148.014	109.217428
148.115	109.10427453333334
148.216	108.9856012
148.318	108.8441246
148.419	108.69334546666667
148.521	108.59254413333333
148.622	108.51174086666666
148.724	108.37958566666666
148.825	108.1804268
148.926	108.0640514
149.028	107.93958933333333
149.13	107.87511053333334
149.232	107.808935
149.334	107.7073098
149.437	107.61241246666667
149.54	107.5408834
149.642	107.42010853333333
149.745	107.30011766666667
149.847	107.22973500000002
149.95	107.14414166666668
150.053	107.03239393333335
150.156	106.96721293333334
150.258	106.92259646666668
150.361	106.88700193333334
150.464	106.80067673333332
150.567	106.76683773333333
150.67	106.72725979999998
150.773	106.63714299999998
150.877	106.60064946666668
150.98	106.5525604
151.083	106.52801419999999
151.187	106.51315753333333
151.29	106.49813379999999
151.393	106.43020186666666
151.497	106.3947142
151.598	106.3749716
151.701	106.36489613333333
151.809	106.39121199999998
151.913	106.38641906666665
152.016	106.38614526666667
152.119	106.38889640000001
152.223	106.37840153333333
152.324	106.4834228
152.427	106.55622673333332
152.53	106.60376253333334
152.634	106.53089066666665
152.737	106.59618406666665
152.84	106.581982
152.944	106.64380419999999
153.046	106.74673406666666
153.148	106.83887439999998
153.251	106.93854073333333
153.355	107.02546446666665
153.458	107.06585106666665
153.561	107.20792546666665
153.663	107.30293093333333
153.766	107.40498699999999
153.868	107.45960166666667
153.97	107.46514066666667
154.072	107.59398300000001
154.175	107.81681146666666
154.276	107.947468
154.378	108.13515326666666
154.48	108.25893733333334
154.582	108.40363280000001
154.684	108.49025746666668
154.785	108.58568013333336
154.885	108.70193320000001
154.986	108.92640553333335
155.087	109.05119313333334
155.188	109.18076826666669
155.288	109.31282173333332
155.389	109.43915759999999
155.49	109.67218393333333
155.59	109.86643393333333
155.69	109.97497019999999
155.798	110.14631686666665
155.898	110.23096653333332
155.999	110.47453420000001
156.107	110.6257222
156.207	110.8540412
156.314	111.07637566666666
156.422	111.25471746666666
156.529	111.46434666666667
156.629	111.67061433333333
156.735	111.88180146666666
156.843	112.12199179999999
156.949	112.41312273333332
157.056	112.62633639999999
157.163	112.8881524
157.268	113.16352873333332
157.374	113.37590639999999
157.48	113.66340699999999
157.586	113.85357939999999
157.691	114.08541273333331
157.796	114.3001964
157.9	114.5570364
158.004	114.83517020000001
158.108	115.06521373333332
158.212	115.31016253333334
158.316	115.61522253333332
158.42	115.89083260000001
158.524	116.06041086666666
158.627	116.28488093333334
158.73	116.507521
158.833	116.71255613333332
158.935	117.00698519999999
159.037	117.31018386666666
159.139	117.67379253333333
159.242	117.97333946666666
159.344	118.33032826666664
159.445	118.58654226666664
159.546	118.78416366666664
159.647	119.03058746666665
159.747	119.32412566666663
159.855	119.54398313333334
159.955	119.79882033333334
160.062	120.12808826666667
160.162	120.4517304
160.262	120.72860286666668
160.362	120.99186313333334
160.469	121.23361526666665
160.576	121.44069366666663
160.683	121.60214726666665
160.79	121.87354053333334
160.896	122.06428786666667
161.002	122.34291933333333
161.108	122.62087319999999
161.214	122.93764813333334
161.319	123.17557626666667
161.425	123.47219299999999
161.53	123.72275426666666
161.635	123.96591959999999
161.739	124.1568401333333
161.844	124.26475933333333
161.948	124.50546419999998
162.052	124.72868426666668
162.156	125.07343673333335
162.26	125.2283808
162.363	125.4520172
162.467	125.70839033333333
162.571	125.91792693333333
162.674	126.18840073333334
162.777	126.38212006666667
162.879	126.61357826666666
162.982	126.8014684
163.084	127.01898253333333
163.186	127.25785726666666
163.288	127.44669173333334
163.39	127.7817016
163.491	127.99112833333334
163.592	128.2067688666667
163.694	128.35297053333335
163.795	128.6885060666667
163.895	128.86735413333335
163.997	129.0474254
164.097	129.15121046666667
164.198	129.2708928
164.298	129.3693094666667
164.398	129.51411046666666
164.498	129.70944206666667
164.598	129.9390489333333
164.705	130.0598055333333
164.806	130.22852746666666
164.906	130.2783653333333
165.006	130.4399062
165.106	130.54035466666667
165.212	130.5664346
165.319	130.68679353333334
165.425	130.76803886666667
165.525	130.8397214
165.632	131.02769460000002
165.739	131.12477486666668
165.845	131.23891413333334
165.945	131.2865398666667
166.051	131.38048893333334
166.157	131.36965946666666
166.264	131.41180973333334
166.37	131.47609993333333
166.477	131.5582622
166.583	131.64812906666668
166.69	131.72437806666667
166.795	131.78600046666668
166.902	131.77907779999998
167.008	131.83063833333333
167.114	131.86447546666668
167.221	131.84182446666668
167.326	131.8962172
167.432	131.92597853333334
167.538	131.95045486666666
167.644	131.88542906666666
167.75	131.96760113333335
167.856	131.98284726666665
167.963	131.9706416
168.069	131.92217193333332
168.175	131.859627
168.281	131.81931826666667
168.388	131.74424386666666
168.493	131.64260273333335
168.599	131.5720062
168.706	131.55757853333336
168.812	131.49788073333335
168.919	131.44348906666667
169.025	131.4615584
169.125	131.32705013333333
169.232	131.21484193333333
169.339	131.02106233333333
169.445	130.8536492
169.552	130.7288158
169.659	130.5903148
169.765	130.44125313333333
169.865	130.32062820000002
169.965	130.2619814
170.065	130.10927199999998
170.166	130.0279774
170.266	129.86887386666666
170.367	129.69658493333333
170.467	129.51359226666665
170.567	129.21822179999998
170.667	129.13565773333332
170.769	129.02723633333332
170.869	128.89822746666667
170.969	128.74137926666666
171.071	128.59638213333332
171.172	128.39125893333335
171.274	128.22824806666668
171.375	128.04278913333334
171.476	127.85483786666668
171.578	127.64102153333333
171.68	127.367422
171.782	127.12412186666667
171.886	126.93331673333334
171.988	126.750128
172.09	126.53108206666666
172.193	126.2302522
172.297	125.95847986666666
172.4	125.66307626666666
172.503	125.42600346666667
172.607	125.1292784
172.711	124.89947553333334
172.815	124.61510273333333
172.92	124.26805239999997
173.025	123.96680206666666
173.13	123.80102833333333
173.235	123.51969940000001
173.341	123.18926186666666
173.447	122.92285506666667
173.553	122.61688906666667
173.659	122.37432553333333
173.766	122.08516626666666
173.872	121.78609479999999
173.979	121.48308726666666
174.087	121.1896116
174.194	120.94784720000001
174.301	120.68632080000002
174.401	120.40595473333336
174.501	120.1781818
174.601	119.87911220000001
174.702	119.53173686666668
174.802	119.28849233333335
174.903	119.09637220000003
175.004	118.7789354
175.105	118.54206093333333
175.207	118.25785479999999
175.309	118.03383013333334
175.411	117.82204826666667
175.513	117.58255926666668
175.615	117.31412960000002
175.718	117.06824686666667
175.82	116.84978586666668
175.923	116.58514233333332
176.026	116.31436953333335
176.129	116.142197
176.233	115.8747618
176.337	115.6255524
176.441	115.30999493333333
176.545	115.07610700000001
176.649	114.78884126666667
176.754	114.60573726666665
176.859	114.36620286666665
176.964	114.0893328
177.07	113.89021946666666
177.176	113.65231813333335
177.282	113.42670453333332
177.388	113.27696519999999
177.493	113.08534406666668
177.6	112.86728353333334
177.707	112.60116573333335
177.813	112.40044073333335
177.921	112.17858413333333
178.028	112.02114493333333
178.134	111.84577999999998
178.241	111.67827373333331
178.349	111.46141266666665
178.457	111.29704846666665
178.557	111.12572706666666
178.665	110.93659633333331
178.765	110.75642813333333
178.873	110.53709299999997
178.973	110.28338473333334
179.081	110.06922979999999
179.181	109.97068239999999
179.281	109.84831586666668
179.382	109.75436673333334
179.483	109.66831866666668
179.583	109.52454519999998
179.684	109.4138208
179.786	109.3004182
179.886	109.14370653333332
179.987	108.98763866666667
180.087	108.9110656
180.188	108.75238093333333
180.289	108.7288068
180.39	108.64844106666668
180.491	108.54007920000001
180.593	108.47364753333333
180.695	108.33258246666666
180.796	108.20769873333333
180.899	108.06053046666666
181.0	107.89137506666667
181.102	107.82177720000001
181.204	107.79211586666669
181.307	107.7338418
181.409	107.6582904
181.511	107.6273934
181.614	107.54610533333332
181.717	107.50510666666665
181.82	107.39274826666663
181.921	107.31524413333334
182.023	107.25833233333331
182.126	107.20319226666668
182.228	107.19921086666668
182.331	107.16177933333337
182.434	107.13149140000002
182.537	107.10973013333336
182.64	107.06032453333336
182.743	106.9468226
182.846	106.88703553333332
182.948	106.83492199999999
183.051	106.83478213333335
183.155	106.80115346666666
183.258	106.80550153333334
183.361	106.81749686666667
183.464	106.8228788
183.567	106.85744539999999
183.67	106.95925126666667
183.773	106.99546293333333
183.875	107.00870746666669
183.979	107.06381786666667
184.081	107.13391279999999
184.184	107.16083380000002
184.287	107.23071853333336
184.388	107.22438400000001
184.49	107.29785266666669
184.593	107.30975726666667
184.696	107.41595633333334
184.798	107.53411033333333
184.901	107.59137973333335
185.003	107.69513546666668
185.105	107.81956753333334
185.208	107.77226953333333
185.31	107.85250606666666
185.412	107.98359286666665
185.513	108.1184482
185.615	108.26520806666667
185.716	108.40052766666665
185.817	108.58466593333331
185.919	108.75120439999999
186.02	108.965028
186.121	109.14383719999998
186.222	109.25523286666665
186.322	109.36286746666664
186.423	109.52391226666666
186.531	109.72048146666667
186.632	109.82759633333333
186.74	110.09445060000002
186.84	110.25031486666667
186.94	110.42700233333333
187.04	110.6678464
187.14	110.89626806666665
187.247	111.1131514
187.347	111.31156999999999
187.454	111.47645353333333
187.562	111.59647486666667
187.669	111.73956800000002
187.776	111.94831540000001
187.882	112.21280807692308
187.988	112.44345790909091
188.094	112.64453944444445
188.201	112.74155071428571
188.308	112.6917422
188.415	112.67929433333332
188.521	113.325456
