0.0	104.6566
0.105	105.01290733333333
0.209	105.13653400000001
0.314	105.16526042857143
0.418	105.32383311111111
0.523	105.60234763636363
0.627	105.77753076923076
0.731	105.95985753333333
0.835	106.16042553333334
0.938	106.21280719999999
1.041	106.33574126666666
1.144	106.51107566666664
1.247	106.67118293333333
1.35	106.85246399999998
1.452	107.07738119999999
1.555	107.2416542
1.658	107.38934766666668
1.761	107.49111920000001
1.863	107.68980453333333
1.965	107.83492246666667
2.067	107.99039586666667
2.168	108.15947746666666
2.27	108.28590446666666
2.372	108.46350666666666
2.473	108.79172953333334
2.573	109.06747719999998
2.674	109.27473753333334
2.775	109.49828086666665
2.875	109.66985833333332
2.976	109.84147913333332
3.076	110.09376706666667
3.184	110.37919660000001
3.292	110.6819944
3.4	110.89735373333335
3.508	111.14164173333333
3.616	111.41445320000003
3.716	111.68861426666668
3.823	112.05411333333335
3.929	112.31000926666667
4.036	112.58746006666668
4.142	112.84272319999998
4.248	113.09193513333334
4.354	113.42641159999998
4.46	113.738536
4.565	114.07508666666666
4.67	114.38937613333334
4.774	114.68242813333333
4.878	115.00024200000001
4.983	115.27170126666667
5.086	115.5063884
5.19	115.69574300000001
5.294	115.88523933333333
5.397	116.01102859999997
5.499	116.224073
5.601	116.31494479999999
5.704	116.42465713333331
5.807	116.54171426666667
5.91	116.57480653333332
6.013	116.67958726666666
6.116	116.7055934
6.219	116.65989493333333
6.322	116.61757073333332
6.425	116.47571866666665
6.528	116.415433
6.63	116.386923
6.733	116.39313259999999
6.836	116.38302633333333
6.94	116.26643646666666
7.043	116.16745953333334
7.146	116.10535726666667
7.25	115.98338573333334
7.354	115.90598846666666
7.457	115.8462526
7.56	115.64524406666666
7.665	115.62028473333334
7.768	115.56177653333333
7.872	115.43904546666666
7.977	115.32105460000001
8.081	115.22898273333332
8.184	115.08795413333333
8.289	115.04114973333334
8.393	114.83746926666666
8.497	114.70712813333333
8.602	114.58416433333333
8.707	114.48188026666666
8.812	114.34482019999999
8.918	114.1676398
9.022	113.9601438
9.127	113.92848166666666
9.234	113.70071686666665
9.339	113.48319226666666
9.444	113.29660246666666
9.551	113.14483233333334
9.657	112.90966066666665
9.764	112.78518626666666
9.869	112.51294113333333
9.976	112.37984200000001
10.083	112.22595480000001
10.191	111.97799626666668
10.298	111.7233446
10.406	111.4791366
10.514	111.29301806666669
10.621	111.10415480000002
10.729	110.8241796
10.829	110.65959293333331
10.929	110.50396573333333
11.038	110.34078146666664
11.138	110.12935993333332
11.238	109.98551046666667
11.339	109.72834999999999
11.439	109.49720306666664
11.539	109.27921126666665
11.64	109.11782293333331
11.74	108.89955159999998
11.842	108.76780726666662
11.943	108.61105666666664
12.045	108.42780793333331
12.147	108.18641419999997
12.248	107.90729886666666
12.35	107.58741446666666
12.453	107.31245840000001
12.555	107.04806293333336
12.658	106.79268873333336
12.76	106.49342033333333
12.864	106.27165313333334
12.968	106.01650146666671
13.073	105.74705966666667
13.177	105.512258
13.282	105.26386933333333
13.387	104.97426893333333
13.492	104.72862206666667
13.597	104.41168966666667
13.703	104.16797386666667
13.809	103.97723133333334
13.914	103.76472266666666
14.021	103.52821413333332
14.127	103.23724733333334
14.233	102.97185133333336
14.341	102.67823806666667
14.448	102.39147039999997
14.555	102.13775006666667
14.663	101.89352833333332
14.771	101.56100865333333
14.88	101.31877445999999
14.98	100.98515705999999
15.089	100.71755697333333
15.189	100.50406646666666
15.289	100.30121478666666
15.389	100.12027906666667
15.489	99.91481959333332
15.589	99.74454458666668
15.691	99.64684461999998
15.792	99.54785212666665
15.892	99.52531082666668
15.993	99.49265945333333
16.093	99.43151432666669
16.194	99.38167693333334
16.295	99.34791623333334
16.396	99.35793392666666
16.496	99.43331650666667
16.597	99.50197399333335
16.697	99.54418758
16.798	99.56031153333332
16.898	99.60840078666664
16.999	99.72648885999999
17.099	99.77080199999999
17.199	99.8382559
17.299	99.91579245999999
17.399	99.95517009333334
17.5	100.0131622
17.609	100.06154879333332
17.718	100.15920458666666
17.818	100.30712443333333
17.918	100.39686126666668
18.018	100.44438188666668
18.127	100.56038335333332
18.227	100.66535160666668
18.327	100.80517366666666
18.435	100.91121986666667
18.544	100.98975833333334
18.653	101.1296354
18.762	101.24618926666666
18.87	101.35846319999999
18.978	101.47405586666667
19.086	101.6072496
19.194	101.81219793333335
19.302	101.94473059999999
19.41	102.11360766666665
19.518	102.25350066666665
19.626	102.45880206666665
19.733	102.61203993333332
19.84	102.79601079999999
19.947	102.90878906666666
20.054	103.11094246666667
20.16	103.26257846666665
20.266	103.38611813333334
20.372	103.5245854
20.478	103.69135020000002
20.584	103.93344040000002
20.69	104.1103474666667
20.795	104.30885500000001
20.9	104.44455693333333
21.006	104.59189306666667
21.112	104.7764134
21.217	104.94715193333332
21.321	105.10691539999999
21.425	105.24502246666665
21.529	105.43860373333334
21.634	105.53244693333333
21.738	105.80239733333335
21.841	106.04875366666666
21.945	106.2495792
22.048	106.44061566666667
22.151	106.65306906666667
22.255	106.88400566666668
22.358	107.08083086666667
22.46	107.30660440000001
22.562	107.5078434
22.665	107.74821793333332
22.767	107.95656199999999
22.868	108.17342619999998
22.969	108.43553299999999
23.07	108.75898186666667
23.171	109.09916446666666
23.272	109.25724993333333
23.373	109.471593
23.473	109.86190306666666
23.573	110.19702213333332
23.673	110.37979433333332
23.781	110.6552382
23.889	110.9198566
23.997	111.23935786666667
24.097	111.52689406666667
24.203	111.80068313333332
24.309	112.13762479999998
24.417	112.52475613333333
24.523	112.83033333333333
24.629	113.05231833333333
24.735	113.26869866666668
24.841	113.6417026
24.947	113.99542513333334
25.051	114.19132906666667
25.155	114.47698713333335
25.26	114.78894893333336
25.365	115.01440733333335
25.469	115.17859953333333
25.572	115.36887119999999
25.676	115.5910988
25.779	115.84720173333334
25.882	115.9502034
25.985	116.03072173333335
26.088	116.14256580000001
26.192	116.23703826666669
26.296	116.35348866666668
26.398	116.2807456
26.5	116.25923726666666
26.604	116.29065486666666
26.707	116.2341469333333
26.81	116.16940113333332
26.913	116.1104851333333
27.016	116.16071313333329
27.12	116.06157933333331
27.224	115.96949839999998
27.327	115.78648813333332
27.431	115.75752860000001
27.535	115.6585626
27.639	115.60327466666668
27.742	115.48105353333334
27.846	115.3553308
27.951	115.30497053333333
28.055	115.2301856
28.159	115.09063473333332
28.263	114.96689699999999
28.367	114.8131786
28.472	114.6642942
28.577	114.51359253333334
28.681	114.46493506666665
28.786	114.37861606666665
28.891	114.24476239999998
28.996	114.0717732
29.102	113.84935366666666
29.208	113.63845799999999
29.314	113.54078906666665
29.419	113.35715546666667
29.524	113.23670486666668
29.631	113.0378056666667
29.737	112.93527193333335
29.844	112.75727286666668
29.951	112.67468313333333
30.057	112.59785226666668
30.165	112.43511026666667
30.271	112.16429686666667
30.379	111.90410066666668
30.485	111.74680053333334
30.593	111.58729613333334
30.7	111.42142553333332
30.807	111.26276173333332
30.915	111.13381466666665
31.015	110.99949733333331
31.115	110.7259174
31.223	110.55513753333331
31.323	110.29527833333333
31.423	110.07206259999998
31.523	109.86587266666668
31.623	109.62803373333333
31.723	109.40286553333333
31.824	109.29958066666664
31.925	109.09978053333332
32.026	108.87409339999999
32.128	108.5971934
32.229	108.44111886666664
32.33	108.23911673333335
32.432	107.9495566
32.534	107.68555540000001
32.636	107.51910753333333
32.739	107.29164973333333
32.842	107.02625013333333
32.945	106.84895053333334
33.048	106.5645872
33.151	106.32240553333334
33.255	106.13425833333334
33.359	105.83246260000001
33.463	105.5755918
33.568	105.38768993333333
33.672	105.17542666666668
33.777	104.86440293333334
33.882	104.5878986
33.987	104.32878206666669
34.093	104.12510053333335
34.199	103.87686379999998
34.305	103.61483719999998
34.411	103.333646
34.519	103.04002686666666
34.626	102.78491639999999
34.733	102.4934894
34.84	102.20953793333335
34.947	101.92114199333334
35.056	101.67959241333332
35.165	101.3467830266667
35.274	101.10869495333336
35.383	100.89945351333336
35.483	100.66967957333334
35.591	100.47911876666667
35.692	100.28889883333333
35.792	100.09660816666666
35.893	99.94968169999999
35.993	99.85866951333333
36.094	99.74587094666666
36.195	99.71832601333334
36.295	99.67712656
36.395	99.56822314666667
36.496	99.53250892000003
36.596	99.55439735333334
36.697	99.56328098666668
36.797	99.62085512666667
36.897	99.66779470000002
36.997	99.72580910666669
37.098	99.75580138000001
37.199	99.83018911333333
37.299	99.85829828666668
37.4	99.86995093333334
37.509	99.92634712
37.609	100.05403682
37.709	100.09279155333334
37.809	100.18266814
37.917	100.30912575333333
38.018	100.44546378666669
38.118	100.51706740000003
38.218	100.65135822000002
38.326	100.72395448666667
38.435	100.82778595333333
38.544	100.92086795333331
38.653	101.08666281999999
38.762	101.11862428666667
38.871	101.28673871333334
38.979	101.45956846666667
39.087	101.56792753333335
39.195	101.66702586666666
39.304	101.73589646666667
39.411	101.88837166666667
39.519	101.99770320000002
39.627	102.1430062
39.734	102.32681760000001
39.842	102.49529513333333
39.949	102.63877966666668
40.057	102.85566399999999
40.164	103.05451106666665
40.27	103.1313964
40.377	103.27293046666666
40.483	103.42296779999998
40.589	103.59221273333334
40.695	103.8291402
40.8	104.01522213333331
40.905	104.24224726666667
41.011	104.37380406666666
41.117	104.56510239999999
41.222	104.79720906666667
41.327	104.93762986666667
41.431	105.08637493333335
41.536	105.29574346666668
41.64	105.44661326666667
41.745	105.62860253333335
41.848	105.90495126666669
41.952	106.20974493333334
42.056	106.42691873333335
42.159	106.64488006666667
42.262	106.85610473333332
42.365	107.07442006666666
42.467	107.27165020000002
42.569	107.488034
42.671	107.74258793333335
42.773	107.920014
42.874	108.19383626666668
42.976	108.43761486666666
43.077	108.6199944
43.178	108.83724146666665
43.28	109.09058153333332
43.38	109.29706039999998
43.481	109.49392006666667
43.581	109.78262066666667
43.681	110.02498840000001
43.781	110.3215338
43.881	110.55852340000001
43.989	110.88116106666668
44.097	111.19987266666668
44.205	111.42888933333334
44.312	111.78374693333332
44.419	112.01814593333334
44.525	112.30013020000001
44.632	112.6955106
44.738	112.98817586666668
44.844	113.23760513333333
44.95	113.53092760000001
45.055	113.87288360000001
45.161	114.13510873333333
45.266	114.46393693333334
45.37	114.69033386666668
45.474	115.02241826666668
45.578	115.3238932666667
45.682	115.5376190666667
45.786	115.81605040000002
45.889	115.98468186666669
45.992	116.24407100000002
46.095	116.40955526666669
46.197	116.48227113333333
46.299	116.62669006666668
46.402	116.76495386666666
46.504	116.84597486666665
46.607	116.87017459999998
46.709	116.90236220000001
46.812	116.84258733333334
46.915	116.76688386666666
47.018	116.695836
47.12	116.5449178
47.223	116.47046793333331
47.326	116.37274259999998
47.429	116.23888859999998
47.532	116.14558713333331
47.636	116.10884979999999
47.74	116.04631099999999
47.844	115.90790046666667
47.948	115.77640026666668
48.051	115.71770693333335
48.155	115.53941040000001
48.259	115.40873146666668
48.362	115.38681133333334
48.466	115.34241313333334
48.57	115.22687753333334
48.675	115.17245393333334
48.778	115.08736599999999
48.884	114.996924
48.988	114.90149886666664
49.092	114.73913266666666
49.197	114.54458606666667
49.302	114.42716426666668
49.407	114.29676880000001
49.512	114.12224733333333
49.617	113.916813
49.722	113.80534033333333
49.828	113.63218093333333
49.934	113.43916446666667
50.039	113.26553840000001
50.145	113.12339553333332
50.252	112.91366939999999
50.359	112.6350192
50.465	112.44538226666666
50.573	112.29661406666668
50.679	112.05929973333333
50.786	111.88134453333333
50.893	111.66071559999999
51.001	111.47651393333334
51.101	111.3511018
51.208	111.19980873333333
51.316	110.9785434
51.416	110.76700386666668
51.516	110.55035293333334
51.624	110.36685653333332
51.724	110.09666186666666
51.832	109.8917426
51.932	109.778236
52.033	109.5202192
52.134	109.26917493333335
52.235	109.08310066666668
52.335	108.88344226666666
52.437	108.62574046666666
52.538	108.41885459999999
52.64	108.1521341333333
52.742	107.86686593333334
52.844	107.70237780000001
52.947	107.51616499999999
53.049	107.243658
53.152	106.98819893333332
53.255	106.78308433333332
53.358	106.50853273333333
53.462	106.27731499999999
53.565	106.03134433333331
53.669	105.78967266666665
53.773	105.59320113333332
53.878	105.33626260000001
53.982	105.15269766666668
54.088	104.91637846666669
54.193	104.71091360000001
54.298	104.43652533333334
54.404	104.15851653333334
54.51	103.89294106666668
54.616	103.62016886666669
54.721	103.38389913333336
54.828	103.10769546666668
54.934	102.83654626666667
55.042	102.56796086666667
55.149	102.35715413333334
55.257	102.08964993333333
55.366	101.77158953333334
55.474	101.5363764666667
55.583	101.2118649466667
55.692	100.96471318666667
55.792	100.68312161333333
55.901	100.50395018666667
56.011	100.34325444666666
56.111	100.17614513333332
56.211	100.07148955333332
56.312	99.93446715333332
56.412	99.86119533999998
56.513	99.84057153333332
56.614	99.76847687333334
56.714	99.68201356666667
56.814	99.68638983333337
56.914	99.73628823333337
57.014	99.74745096666668
57.115	99.77403678
57.215	99.83144967333332
57.315	99.88417131333333
57.415	99.97808720666667
57.515	99.94666240666668
57.615	99.95500197333334
57.715	100.01835768666668
57.815	100.08560015333335
57.915	100.14395236666668
58.015	100.25249337333334
58.124	100.36000716666666
58.224	100.48459393999998
58.325	100.55783067333333
58.434	100.62653180666666
58.543	100.74828540666665
58.652	100.90890931333334
58.761	100.98148851333333
58.869	101.06512077999999
58.978	101.14439457999998
59.086	101.31858778666667
59.195	101.49229559999999
59.303	101.60885306666667
59.41	101.70583406666667
59.519	101.82841526666667
59.627	101.91054819999998
59.735	102.01958653333331
59.843	102.12345959999999
59.95	102.23917406666666
60.058	102.39343573333333
60.165	102.52760813333335
60.273	102.67364206666666
60.38	102.8070132
60.486	103.03218393333333
60.593	103.239712
60.7	103.43627906666666
60.806	103.59817826666666
60.912	103.77213853333333
61.018	104.03559433333332
61.124	104.24217580000001
61.229	104.41505906666666
61.333	104.61457453333333
61.438	104.78908973333334
61.543	104.94834186666667
61.648	105.10064373333333
61.751	105.30096106666664
61.856	105.47627753333333
61.96	105.67905879999998
62.064	105.8688552
62.168	106.12525780000001
62.272	106.30125260000001
62.376	106.58814659999999
62.479	106.85368679999998
62.582	106.99411833333332
62.685	107.17483986666666
62.787	107.46583506666664
62.888	107.66006779999998
62.99	107.90077086666665
63.091	108.16173819999997
63.192	108.45967686666667
63.294	108.66344720000001
63.395	108.89005373333335
63.496	109.16696160000001
63.597	109.42038406666666
63.697	109.56105480000001
63.798	109.86870993333334
63.898	110.10080233333332
63.998	110.37391006666665
64.106	110.6631296
64.215	110.93644353333335
64.322	111.18554526666667
64.422	111.54147540000001
64.528	111.81979220000001
64.635	112.11473133333334
64.741	112.38646826666668
64.848	112.66440246666667
64.954	113.03284073333334
65.06	113.36041813333334
65.165	113.62280146666667
65.271	113.89331933333332
65.376	114.19311506666665
65.481	114.50232633333331
65.586	114.73049746666666
65.69	115.0228904
65.794	115.27730793333332
65.898	115.5372696
66.002	115.69924266666666
66.105	115.92088600000002
66.207	116.13042620000002
66.31	116.28685986666667
66.413	116.47672386666667
66.516	116.53978913333336
66.618	116.6400594
66.721	116.78143013333332
66.824	116.95725339999998
66.927	116.94975833333334
67.029	116.86706526666667
67.132	116.90952566666665
67.235	116.82371119999999
67.337	116.82709380000001
67.439	116.77175093333335
67.541	116.73419026666667
67.644	116.6420702
67.747	116.56593360000001
67.85	116.51554566666665
67.954	116.42931046666666
68.057	116.36803166666665
68.16	116.19117493333333
68.263	116.04574426666665
68.367	115.90157626666665
68.471	115.77888126666666
68.574	115.73161939999999
68.678	115.59119879999999
68.782	115.4897046
68.886	115.34806299999998
68.99	115.25717706666666
69.094	115.14256746666668
69.199	115.08630986666668
69.303	114.94228386666667
69.407	114.76103413333333
69.512	114.60694779999999
69.617	114.41799359999999
69.721	114.31398686666665
69.826	114.1530873333333
69.931	113.98537153333332
70.037	113.87993253333335
70.143	113.74454046666668
70.248	113.5725814
70.355	113.45924080000002
70.461	113.30057846666668
70.567	113.08727533333334
70.673	112.8473558
70.779	112.63603493333332
70.885	112.4865956
70.992	112.32107119999998
71.099	112.14413153333332
71.206	111.97089559999999
71.313	111.74081473333334
71.421	111.5730448
71.529	111.41012233333335
71.637	111.1161658
71.745	110.86348533333333
71.845	110.6412624
71.953	110.38697479999999
72.054	110.16200759999998
72.162	109.88138473333332
72.262	109.75959859999998
72.363	109.61067366666664
72.464	109.35548719999997
72.564	109.15771406666664
72.666	108.94427553333331
72.767	108.77709253333332
72.869	108.60463959999998
72.97	108.3872374
73.071	108.13864386666665
73.173	107.93815626666667
73.275	107.78105506666667
73.377	107.578133
73.479	107.31899586666667
73.582	107.1086842
73.685	106.92393166666666
73.788	106.63008053333333
73.892	106.2948938
73.995	106.0740254
74.098	105.86829486666667
74.203	105.62586133333333
74.308	105.34796179999998
74.412	105.13984693333332
74.518	104.84879679999999
74.623	104.5649422
74.729	104.32988200000001
74.834	104.00661386666667
74.94	103.69968753333335
75.046	103.49225126666667
75.152	103.21010713333334
75.259	102.97476259999999
75.366	102.71209506666668
75.474	102.48804720000001
75.581	102.18650191333334
75.69	101.88519131333335
75.798	101.62462591333336
75.906	101.39224478000003
76.015	101.06956893333336
76.124	100.86068599333333
76.224	100.67232036666668
76.324	100.56582010000001
76.424	100.42649209999999
76.524	100.31169295333333
76.633	100.19541208666666
76.734	100.12798228666666
76.835	100.05950182
76.935	100.02399322000001
77.044	100.03547775333332
77.144	100.03488167333335
77.244	100.04312427333335
77.344	100.08724087333333
77.444	100.13541547333332
77.544	100.25230491999999
77.644	100.33957939333331
77.753	100.40173288666665
77.853	100.44773202
77.953	100.53107682
78.062	100.60729703333335
78.171	100.6613115
78.28	100.75791690000001
78.389	100.8166893
78.489	100.90084343333336
78.597	100.95898896666668
78.706	101.08563813333333
78.815	101.26610960000001
78.924	101.3620248
79.032	101.43381046666667
79.141	101.56309146666666
79.249	101.69545033333333
79.357	101.87360466666665
79.466	101.99292340000002
79.572	102.11839433333334
79.68	102.25170453333335
79.788	102.40710766666668
79.895	102.54357226666666
80.002	102.74432346666667
80.108	102.90312293333334
80.215	103.0393478
80.321	103.17805366666667
80.428	103.28613393333333
80.535	103.46334346666666
80.641	103.68672273333333
80.747	103.78988053333333
80.853	103.92169299999999
80.959	104.05429720000001
81.065	104.17516146666667
81.17	104.30806540000002
81.275	104.4811358
81.379	104.6014464
81.485	104.79434613333333
81.59	104.93609199999999
81.694	105.11418113333333
81.799	105.30589266666667
81.903	105.4879232
82.008	105.62303626666669
82.112	105.7575888666667
82.216	105.87522366666668
82.319	106.08034266666667
82.422	106.29844959999998
82.526	106.45658146666666
82.629	106.6573548
82.732	106.8436735333333
82.835	107.08017793333332
82.938	107.26441159999999
83.04	107.49232633333332
83.142	107.71532153333331
83.244	107.98685453333333
83.346	108.16174253333331
83.448	108.43896666666664
83.549	108.68376006666666
83.651	108.97632373333333
83.751	109.22554273333331
83.851	109.46921866666668
83.951	109.73888373333334
84.051	110.07996633333333
84.151	110.36477960000002
84.26	110.65170386666668
84.367	110.8957042
84.467	111.2488192
84.575	111.4812456666667
84.682	111.70089540000002
84.788	111.94652413333337
84.895	112.26670573333335
85.002	112.54530380000001
85.108	112.88020060000001
85.214	113.19772126666666
85.32	113.52049033333333
85.426	113.83322773333335
85.532	114.11900546666668
85.637	114.36997273333334
85.741	114.72940733333333
85.845	115.04013939999999
85.949	115.40150973333333
86.052	115.68360226666665
86.156	115.89299359999998
86.259	116.16064639999998
86.362	116.39409446666666
86.464	116.60741346666667
86.567	116.77652093333334
86.668	116.93200759999999
86.771	117.00687906666667
86.874	117.1194804
86.976	117.18730086666667
87.078	117.18835593333334
87.18	117.21053333333333
87.283	117.19678266666666
87.385	117.19427379999999
87.487	117.14735519999999
87.589	117.1334616
87.692	117.08846833333334
87.795	116.96330873333333
87.898	116.89173973333332
88.0	116.86759186666667
88.103	116.75141466666666
88.205	116.6333792
88.307	116.52379459999999
88.411	116.43503786666666
88.515	116.41468773333334
88.618	116.4000296
88.721	116.33708240000001
88.825	116.23184686666667
88.928	116.08587673333334
89.032	115.90497813333334
89.135	115.79262766666666
89.238	115.7587052
89.342	115.72619446666667
89.445	115.63115333333334
89.549	115.45226166666666
89.653	115.2780232
89.758	115.09340253333336
89.862	114.9755448666667
89.966	114.84886913333335
90.071	114.6517830666667
90.175	114.45916060000003
90.28	114.33662840000002
90.386	114.16020206666666
90.492	114.03068013333333
90.598	113.94326133333334
90.703	113.7124938
90.808	113.49323266666666
90.914	113.33591526666666
91.019	113.16072313333333
91.125	113.02361220000002
91.232	112.92170000000003
91.338	112.75820266666669
91.445	112.58369940000001
91.552	112.40490026666667
91.659	112.21463693333334
91.765	111.99204073333333
91.872	111.70393673333332
91.98	111.44185893333332
92.089	111.23787313333332
92.196	111.05251573333334
92.304	110.87804653333336
92.404	110.68006533333336
92.513	110.44163713333334
92.613	110.15463300000002
92.713	109.92642286666666
92.814	109.75903046666667
92.922	109.5663384
93.023	109.35892673333333
93.124	109.10437979999999
93.225	108.87352126666666
93.326	108.71434053333333
93.428	108.51439006666666
93.529	108.32053786666668
93.631	108.11196840000002
93.733	107.81703386666668
93.835	107.52039373333335
93.937	107.32968393333334
94.04	107.10929146666668
94.143	106.83709726666665
94.246	106.54157486666668
94.349	106.19401026666667
94.453	105.92921486666667
94.558	105.63950460000001
94.661	105.35828586666666
94.765	105.1181635333333
94.871	104.80676899999999
94.977	104.55939706666666
95.083	104.25294760000001
95.189	103.96861026666667
95.295	103.71459486666667
95.401	103.50461533333332
95.507	103.17698986666666
95.614	102.8858438
95.721	102.68177206666665
95.829	102.41250486666668
95.936	102.17707606666667
96.044	101.9693132
96.152	101.77070286666668
96.261	101.5596122
96.369	101.28574113333333
96.478	101.10656813333331
96.578	100.93060833333332
96.678	100.83269126666664
96.787	100.73049466666664
96.896	100.56949360666664
96.996	100.45321993999998
97.096	100.39960147333333
97.196	100.39088154
97.296	100.36459927333334
97.405	100.39828940666666
97.514	100.42155560666667
97.615	100.44816614
97.715	100.51308900666665
97.824	100.57477840666667
97.933	100.70227814
98.042	100.73623027333333
98.151	100.81443220666665
98.251	100.86690840666665
98.36	100.95573307333332
98.468	101.06983093333332
98.577	101.16552366666666
98.685	101.29079613333333
98.794	101.34282946666666
98.902	101.48561306666666
99.011	101.5916714
99.119	101.69849973333334
99.227	101.7915046
99.336	101.84965433333335
99.443	101.93794726666667
99.551	102.02959086666667
99.658	102.18245893333334
99.766	102.28524326666665
99.873	102.41536826666668
99.981	102.52748546666666
100.088	102.64795066666667
100.195	102.81755700000002
100.302	102.93792080000001
100.409	103.11807800000003
100.516	103.18853213333335
100.622	103.2682832
100.728	103.377591
100.835	103.51471079999997
100.94	103.6496646
101.046	103.82332666666666
101.151	103.92460846666667
101.257	104.09093726666667
101.363	104.26124133333333
101.47	104.35858373333333
101.575	104.55742773333333
101.68	104.75812786666665
101.785	104.8773166
101.89	105.06631519999999
101.994	105.30638873333332
102.098	105.52873413333334
102.203	105.77713580000001
102.306	106.00322853333336
102.41	106.19923653333333
102.514	106.38733553333333
102.617	106.59465286666666
102.718	106.8764654
102.821	107.06589386666668
102.924	107.2489794
103.026	107.53092453333333
103.129	107.64652906666667
103.231	107.83706893333334
103.333	108.0670778
103.434	108.21096446666667
103.535	108.33618433333335
103.637	108.53719893333333
103.738	108.77080273333334
103.839	109.03446273333333
103.94	109.28750346666668
104.041	109.58588533333335
104.141	109.79812706666668
104.242	110.03350946666667
104.35	110.3425028
104.45	110.67356833333335
104.558	110.92917293333335
104.666	111.24182886666668
104.773	111.48270733333334
104.881	111.81569913333334
104.988	112.12586726666667
105.094	112.40317700000001
105.2	112.63282953333334
105.306	112.9103922
105.412	113.22903213333333
105.518	113.48182673333334
105.623	113.69961846666666
105.729	113.97733199999999
105.834	114.2813564
105.94	114.55150766666667
106.044	114.82130353333332
106.148	115.1568258
106.252	115.43908019999999
106.356	115.74061373333333
106.46	115.99674686666668
106.563	116.2933916
106.665	116.50019613333333
106.767	116.77354066666666
106.869	116.96501300000001
106.972	117.0916032
107.074	117.19667206666666
107.175	117.4077624
107.277	117.57308166666665
107.379	117.56069600000001
107.481	117.5715982
107.583	117.57420453333334
107.685	117.5752054
107.788	117.53280593333334
107.889	117.4878268
107.991	117.4482254
108.094	117.39580380000001
108.196	117.34570833333332
108.298	117.28452253333333
108.4	117.199514
108.503	117.04522166666668
108.606	117.02056340000003
108.708	116.88489973333334
108.81	116.72076686666668
108.913	116.6981396
109.016	116.6506408
109.119	116.49345960000001
109.223	116.34442646666668
109.326	116.25157659999999
109.429	116.16647966666666
109.533	115.97685933333332
109.636	115.83026153333336
109.739	115.696319
109.844	115.48222193333335
109.948	115.3045388
110.051	115.22449606666667
110.155	115.04848773333333
110.26	114.8834432
110.364	114.77133493333332
110.469	114.65156013333333
110.575	114.41403453333334
110.68	114.2801342
110.785	114.09666360000001
110.891	113.91688646666668
110.996	113.69649833333337
111.101	113.49516453333335
111.206	113.29367033333334
111.313	113.10867586666667
111.419	112.92648313333332
111.525	112.73367019999999
111.632	112.51955646666666
111.739	112.33424013333332
111.846	112.1221992
111.953	111.9238536
112.061	111.67436306666667
112.169	111.41835686666667
112.277	111.21928426666668
112.385	111.01341846666669
112.493	110.87946740000002
112.593	110.68253120000003
112.701	110.53997566666668
112.809	110.3349056
112.91	110.13107506666667
113.01	109.94561580000001
113.11	109.78384786666669
113.219	109.59112000000002
113.319	109.34984080000001
113.42	109.16368253333333
113.521	108.90846206666667
113.622	108.66429913333333
113.724	108.55654426666668
113.825	108.31584393333334
113.927	108.09435060000003
114.029	107.82901186666669
114.131	107.61721660000003
114.234	107.37153293333337
114.337	107.11524513333335
114.439	106.86784000000002
114.542	106.67340620000002
114.646	106.42427253333334
114.749	106.17936766666666
114.853	106.02112839999998
114.957	105.793421
115.061	105.52928773333333
115.166	105.29675933333333
115.271	105.0001276
115.375	104.80086246666666
115.481	104.57183286666667
115.586	104.3140442
115.691	104.01069226666667
115.798	103.67781240000001
115.904	103.40858920000001
116.011	103.17429613333334
116.117	102.83296866666667
116.224	102.49660962666667
116.331	102.23298489333334
116.439	101.97068189333332
116.548	101.70178722666665
116.657	101.52868002666665
116.766	101.30054195999999
116.875	101.11480782666668
116.976	100.8768234
117.085	100.7687660666667
117.194	100.60302280000002
117.294	100.56321640000003
117.403	100.5674668666667
117.503	100.52601386666669
117.603	100.52738386666668
117.703	100.61632446666667
117.812	100.70342177333333
117.921	100.77441524
118.03	100.76830370666667
118.139	100.77759950666669
118.239	100.85104804000001
118.347	100.94102257333334
118.455	101.03595517333333
118.564	101.14660840000002
118.673	101.23472753333334
118.782	101.38344566666666
118.891	101.44998846666667
118.999	101.55567213333333
119.108	101.65357906666667
119.216	101.74338953333333
119.324	101.82801139999998
119.431	101.91816419999999
119.539	101.98876379999999
119.647	102.14805673333333
119.754	102.2942326
119.862	102.435689
119.969	102.5760592
120.076	102.66493086666667
120.183	102.82071526666665
120.29	102.92907033333333
120.397	103.06815659999998
120.504	103.20376906666665
120.61	103.29580286666666
120.716	103.42450173333332
120.823	103.55982379999999
120.929	103.732962
121.035	103.90809606666667
121.14	104.08838479999999
121.245	104.23101493333333
121.351	104.3994479333333
121.457	104.50798179999997
121.562	104.63459226666664
121.667	104.83194639999996
121.771	105.00909339999998
121.876	105.15840926666665
121.98	105.26620133333333
122.085	105.47269593333334
122.189	105.73794673333333
122.293	105.94932880000002
122.397	106.12844820000001
122.5	106.29609546666666
122.604	106.4782622
122.707	106.60791733333332
122.81	106.78746913333333
122.912	107.02824460000001
123.015	107.24541446666666
123.117	107.49370886666665
123.219	107.73972619999999
123.321	107.90510373333333
123.424	108.08535619999999
123.525	108.2889802
123.626	108.44591773333333
123.728	108.64671219999998
123.828	108.90609273333331
123.929	109.13183553333332
124.03	109.35069106666666
124.13	109.56367379999999
124.231	109.87210906666665
124.332	110.12314613333334
124.44	110.41304386666667
124.548	110.60431166666666
124.656	110.86810293333333
124.764	111.13483986666667
124.872	111.46246393333334
124.979	111.70538373333332
125.087	111.97603293333334
125.193	112.31383646666667
125.3	112.5768978
125.406	112.82480460000001
125.512	113.1270974
125.617	113.47469633333334
125.724	113.79765353333332
125.829	114.06900506666666
125.934	114.37161906666667
126.039	114.63683820000001
126.143	114.99176726666668
126.247	115.28016106666668
126.351	115.55390600000001
126.454	115.81831666666668
126.558	116.1684428
126.661	116.41615506666668
126.763	116.60044933333332
126.866	116.77195393333334
126.968	116.99425446666666
127.07	117.22883906666667
127.172	117.33993513333333
127.273	117.4796234
127.376	117.61552386666666
127.478	117.67002906666667
127.58	117.72178406666666
127.682	117.71587726666665
127.783	117.76279399999999
127.885	117.76618579999999
127.986	117.71271299999997
128.088	117.64575506666664
128.19	117.62658186666664
128.292	117.60649959999999
128.395	117.59771613333332
128.497	117.47702679999999
128.598	117.37771319999999
128.701	117.31860719999999
128.803	117.23971913333331
128.906	117.1839665333333
129.009	117.11578373333333
129.111	117.04849893333333
129.214	117.03437320000003
129.316	116.88586993333335
129.419	116.72904060000002
129.522	116.64472453333335
129.624	116.48232520000002
129.727	116.40849646666669
129.83	116.30134480000001
129.933	116.2206224
130.037	116.15569206666667
130.14	116.0146586
130.244	115.84452119999999
130.349	115.65835126666667
130.452	115.46333806666667
130.556	115.35425086666669
130.66	115.20322379999999
130.764	114.98058993333332
130.868	114.8864072
130.973	114.73543306666666
131.078	114.62365006666666
131.183	114.56734353333331
131.288	114.32652053333331
131.392	114.16165693333332
131.499	113.92708939999999
131.603	113.71093939999999
131.709	113.48008473333334
131.814	113.2610728
131.92	113.04865853333332
132.027	112.86218066666667
132.133	112.62260673333334
132.24	112.37686966666665
132.347	112.19634399999998
132.454	111.93814866666665
132.562	111.7853014
132.67	111.54216319999999
132.778	111.264772
132.886	111.05421693333332
132.994	110.87183093333336
133.094	110.62893393333333
133.202	110.43674526666665
133.302	110.22612206666666
133.41	110.03621960000001
133.511	109.87296433333334
133.611	109.59870553333333
133.711	109.35306046666666
133.813	109.16768933333334
133.913	108.92302586666668
134.014	108.73492413333335
134.116	108.50122373333336
134.217	108.25753440000003
134.32	108.07767893333336
134.422	107.87834493333337
134.524	107.63783873333337
134.627	107.4276582666667
134.729	107.18380473333333
134.832	106.95414713333336
134.934	106.71825620000003
135.037	106.46994120000001
135.141	106.28856859999999
135.244	106.0460846
135.349	105.75251173333336
135.453	105.52501046666667
135.557	105.19208366666668
135.662	104.88186920000003
135.767	104.63193726666668
135.872	104.35779733333335
135.979	104.10055533333333
136.084	103.7514882
136.191	103.45462246666666
136.298	103.14386760000001
136.405	102.85562700000001
136.512	102.59567480000003
136.619	102.30712940000004
136.726	102.04989660000003
136.835	101.82444793333336
136.944	101.61653313333333
137.053	101.40388813333333
137.162	101.26574799999999
137.271	101.13557726666666
137.38	100.96049773333333
137.489	100.82811233333334
137.589	100.76917106666669
137.698	100.70876246666667
137.798	100.66324000000002
137.907	100.66169553333334
138.007	100.71980400000001
138.116	100.76090293333336
138.225	100.77202000000001
138.334	100.83259086666666
138.443	100.89634060000002
138.543	101.0451996
138.652	101.143412
138.76	101.22239673333334
138.868	101.28666019999999
138.968	101.3799656
139.076	101.45166606666668
139.185	101.51339146666666
139.292	101.63594226666667
139.4	101.75438893333333
139.508	101.86086253333333
139.616	101.93124013333333
139.724	102.07093579999999
139.832	102.31305873333334
139.939	102.4385768
140.047	102.57601026666667
140.155	102.61656693333335
140.262	102.74618480000001
140.369	102.87538900000001
140.475	103.01104146666667
140.581	103.16832373333332
140.687	103.34680026666666
140.793	103.4488302
140.9	103.60924493333336
141.006	103.73404446666669
141.112	103.84361286666669
141.218	104.00276373333332
141.323	104.20801759999999
141.428	104.31292646666664
141.534	104.43691613333333
141.64	104.60799706666666
141.745	104.74683366666666
141.851	104.91287893333333
141.955	105.08017726666667
142.058	105.22177406666668
142.162	105.35388360000002
142.267	105.49648646666667
142.371	105.6716026
142.475	105.87073633333333
142.579	106.05785139999998
142.682	106.2036905333333
142.786	106.39056953333332
142.889	106.49929493333333
142.993	106.68633899999999
143.096	106.85791153333334
143.198	107.13468219999999
143.301	107.40399766666665
143.404	107.6048152
143.506	107.85904786666667
143.608	108.14671600000001
143.709	108.40606153333334
143.811	108.6736786
143.911	108.92783833333334
144.011	109.1511832
144.112	109.41289580000002
144.212	109.72789979999999
144.312	109.96085073333333
144.412	110.15905033333333
144.52	110.41566040000001
144.62	110.70156380000002
144.728	110.88095040000002
144.836	111.08414546666667
144.944	111.34420433333334
145.052	111.58467813333333
145.16	111.82056786666666
145.267	112.04086286666667
145.373	112.26123013333333
145.48	112.54951993333333
145.586	112.8279006
145.693	113.15220813333333
145.798	113.47378506666665
145.904	113.70067613333335
146.009	114.00334166666667
146.115	114.22648506666665
146.219	114.5280512
146.324	114.85909206666666
146.427	115.1278456
146.531	115.398336
146.635	115.59695839999999
146.739	115.92262459999999
146.843	116.27089246666667
146.945	116.56190486666665
147.047	116.84443633333332
147.15	117.04277159999998
147.253	117.17825806666666
147.355	117.35053106666668
147.457	117.56371700000003
147.558	117.67302860000001
147.659	117.82706066666667
147.76	117.93910753333333
147.862	117.96875226666667
147.964	117.9981598
148.065	118.06588293333333
148.166	118.11226826666665
148.269	117.98345313333333
148.37	117.84969986666667
148.472	117.78205780000002
148.573	117.69139700000001
148.676	117.65112786666668
148.777	117.67867273333334
148.879	117.57517553333335
148.982	117.5206976
149.085	117.53708426666665
149.187	117.47327859999997
149.289	117.36138326666665
149.392	117.24533319999999
149.493	117.26184406666668
149.596	117.17695526666667
149.698	117.08892446666667
149.8	117.0398808
149.903	117.02839106666667
150.005	116.95124013333333
150.108	116.86989613333334
150.211	116.77702113333334
150.313	116.62577373333332
150.417	116.50943373333332
150.52	116.32630726666665
150.623	116.15918026666665
150.726	116.029765
150.83	115.85664659999999
150.933	115.74257913333332
151.037	115.50893506666665
151.141	115.25745513333332
151.246	115.18201713333333
151.35	114.98271019999999
151.454	114.78656386666665
151.559	114.55620813333331
151.664	114.35394233333332
151.769	114.15791499999999
151.875	113.90153939999999
151.98	113.72606673333333
152.086	113.62013746666666
152.191	113.35463146666666
152.298	113.1092348
152.404	112.90771013333332
152.51	112.67573186666667
152.617	112.48963966666666
152.724	112.35990633333334
152.83	112.08027633333333
152.938	111.90517126666666
153.045	111.70200019999997
153.153	111.51181173333333
153.261	111.31371659999998
153.369	111.0549186
153.477	110.88956166666665
153.586	110.7057904
153.694	110.38089406666664
153.794	110.22605873333332
153.894	109.9246
153.994	109.74776033333335
154.095	109.51465560000001
154.195	109.30041666666668
154.295	109.01252500000001
154.397	108.71687006666667
154.498	108.51788046666665
154.601	108.28170393333333
154.702	108.104142
154.804	107.82475373333334
154.906	107.68815166666666
155.009	107.40716199999999
155.113	107.12078079999999
155.215	106.91070773333331
155.318	106.64292946666666
155.42	106.4446828
155.524	106.1788918
155.627	105.96986486666668
155.731	105.69272986666668
155.835	105.48503733333335
155.94	105.29931140000001
156.045	105.00501093333334
156.151	104.73116766666666
156.256	104.3751222
156.361	104.12550806666665
156.467	103.7506232
156.574	103.52515366666665
156.68	103.2041068
156.787	102.95604133333332
156.893	102.71127706666667
157.001	102.50610046666667
157.109	102.25939566666668
157.217	102.01265493333334
157.325	101.82360393333333
157.434	101.58797893333333
157.543	101.42088280000002
157.652	101.30171380000002
157.761	101.14815373333336
157.87	101.0784612
157.979	100.98159146666667
158.088	100.89476353333335
158.188	100.82284933333334
158.297	100.86609733333334
158.405	100.82082166666669
158.505	100.82001326666668
158.614	100.90548200000002
158.723	100.95569073333334
158.823	100.959569
158.932	100.99980733333332
159.04	101.11196026666666
159.14	101.127596
159.248	101.17433533333333
159.356	101.24870286666666
159.464	101.40273306666668
159.564	101.52681140000001
159.672	101.77327286666667
159.78	101.88944873333335
159.889	102.00883893333335
159.997	102.14960293333333
160.105	102.28734153333332
160.211	102.33999493333333
160.319	102.39902913333331
160.424	102.56784206666666
160.531	102.68864813333333
160.638	102.809582
160.745	102.95837793333334
160.852	103.08607006666668
160.959	103.26788353333335
161.066	103.37501960000002
161.172	103.5244314
161.279	103.5622128
161.385	103.66523853333334
161.491	103.78651900000001
161.597	103.96527946666667
161.702	104.12281473333334
161.808	104.28793046666667
161.912	104.48037813333333
162.018	104.68176113333332
162.123	104.83958193333333
162.228	105.00123966666666
162.332	105.14988599999998
162.436	105.3282822
162.541	105.46289906666667
162.645	105.65571533333332
162.749	105.8155622
162.853	106.0181744666667
162.956	106.24194746666667
163.06	106.50751013333334
163.164	106.7849712
163.267	106.94647606666668
163.369	107.1832386
163.472	107.4690224
163.574	107.60245119999999
163.676	107.92176119999999
163.777	108.18833119999998
163.878	108.48598346666667
163.979	108.76713326666666
164.08	109.00488733333331
164.181	109.17871546666667
164.282	109.43343373333332
164.382	109.6967324
164.482	109.87469633333333
164.582	110.02831306666666
164.69	110.18658006666668
164.79	110.49329126666665
164.89	110.74034493333332
164.998	110.96020446666667
165.105	111.23445579999999
165.205	111.39187439999999
165.313	111.60451253333332
165.42	111.8758908
165.527	112.1168886
165.633	112.37803433333333
165.74	112.69364806666667
165.846	112.88975013333334
165.952	113.15581506666668
166.058	113.49012706666666
166.163	113.72878159999999
166.268	114.02144726666664
166.374	114.2168389333333
166.478	114.4937643333333
166.583	114.78556919999998
166.687	115.1156899333333
166.791	115.51483953333333
166.896	115.84463066666666
166.999	116.13202260000001
167.103	116.36130633333336
167.206	116.62429340000001
167.308	116.82190860000001
167.41	117.09640220000001
167.511	117.33327826666667
167.612	117.5426812
167.714	117.72919206666667
167.816	117.82701586666666
167.917	117.95725273333332
168.019	118.08649133333333
168.121	118.06788333333334
168.222	118.03077213333333
168.323	117.96370946666667
168.425	117.96541646666668
168.527	117.88060206666667
168.629	117.91837593333334
168.73	117.90788626666668
168.832	117.909508
168.935	117.8181556
169.037	117.70074933333332
169.138	117.56326046666666
169.241	117.54753193333332
169.342	117.48340593333334
169.444	117.4826374
169.546	117.34552746666667
169.648	117.262945
169.751	117.20523713333333
169.854	117.14446153333333
169.956	116.99037733333334
170.059	116.96088993333333
170.161	116.81643166666667
170.264	116.67855466666667
170.367	116.50857579999999
170.471	116.38688679999997
170.573	116.25713319999998
170.677	116.13417466666665
170.78	115.96852466666668
170.883	115.82844306666668
170.987	115.62316646666667
171.091	115.47854440000002
171.195	115.38626073333334
171.299	115.23214800000002
171.404	115.05598940000002
171.508	114.91600539999999
171.613	114.70989213333333
171.718	114.54872213333333
171.823	114.34088566666667
171.928	114.19721493333333
172.033	114.0673364
172.138	113.93560473333334
172.243	113.8085838
172.349	113.65149013333333
172.454	113.46152746666665
172.561	113.27413666666666
172.667	113.12596253333332
172.773	112.89880306666667
172.879	112.70726453333333
172.986	112.46284046666668
173.092	112.23066400000002
173.2	112.03482013333334
173.307	111.79911653333333
173.414	111.64987606666665
173.522	111.41087680000001
173.63	111.11749926666667
173.73	110.88377626666667
173.838	110.61649006666667
173.938	110.35866666666668
174.046	110.16442053333334
174.146	109.93829740000001
174.246	109.70371526666668
174.348	109.52872626666667
174.448	109.27931
174.549	109.02623759999999
174.65	108.80335946666668
174.751	108.59974133333334
174.853	108.36805439999999
174.954	108.20644713333333
175.056	108.00008359999998
175.158	107.80819286666663
175.261	107.51944499999996
175.364	107.31225406666665
175.466	107.05846686666663
175.569	106.77114346666666
175.671	106.53003586666667
175.774	106.199098
175.878	105.91846806666668
175.983	105.7630134
176.087	105.55197040000002
176.192	105.32645286666668
176.297	105.02803446666668
176.402	104.798818
176.508	104.36635493333333
176.614	104.06001439999999
176.719	103.81662219999997
176.825	103.5658055333333
176.931	103.28198893333332
177.037	102.99815639999998
177.144	102.76456593333333
177.252	102.50948353333334
177.36	102.36653046666667
177.468	102.13515373333331
177.576	101.90474173333332
177.685	101.76546019999999
177.794	101.54428499999999
177.903	101.3850422
178.012	101.22002086666664
178.12	101.22407486666667
178.229	101.20992673333333
178.338	101.16539373333333
178.446	101.18124193333333
178.546	101.21444846666667
178.655	101.25513853333332
178.764	101.29198613333332
178.872	101.34959793333334
178.981	101.39739173333332
179.089	101.50870619999999
179.197	101.56999033333334
179.305	101.62063006666666
179.414	101.76548613333334
179.522	101.89617926666666
179.63	102.0078242
179.737	102.124957
179.845	102.19911346666666
179.952	102.33851593333334
180.06	102.39425206666667
180.167	102.50019320000001
180.274	102.63043913333334
180.382	102.7267262
180.488	102.88455100000002
180.595	102.97312306666669
180.701	103.03011086666666
180.808	103.169987
180.915	103.29772273333333
181.021	103.37970286666665
181.128	103.48626259999999
181.234	103.6441316
181.34	103.77429953333333
181.446	103.91346986666667
181.552	104.02406459999999
181.657	104.189493
181.763	104.30815740000001
181.869	104.46689119999998
181.974	104.64921386666667
182.078	104.73697026666666
182.183	104.85674899999998
182.288	105.05421500000001
182.392	105.18373566666666
182.497	105.31149399999998
182.601	105.50186933333333
182.705	105.67942506666665
182.809	105.82999126666665
182.913	105.96980133333334
183.017	106.11606
183.12	106.31527626666666
183.224	106.48085093333333
183.327	106.690463
183.43	106.95702526666665
183.533	107.17118653333333
183.64	107.43159226666667
183.743	107.65407226666667
183.845	107.89601526666668
183.947	108.11693333333332
184.048	108.34325173333333
184.149	108.56409706666665
184.25	108.78347833333332
184.35	109.06090466666666
184.451	109.32903993333333
184.552	109.699712
184.652	110.04353333333333
184.752	110.34345699999999
184.852	110.61921039999999
184.952	110.89069706666665
185.054	111.191012
185.162	111.49515386666667
185.269	111.84697746666666
185.375	112.14369033333334
185.481	112.50268633333332
185.588	112.88938666666667
185.694	113.26414893333332
185.8	113.63256346666665
185.905	113.9625052
186.01	114.29989573333334
186.115	114.58482786666669
186.219	114.85859426666667
186.323	115.19291840000001
186.427	115.53965013333335
186.531	115.80615519999999
186.634	116.12453726666668
186.737	116.48592066666667
186.84	116.827427
186.942	117.12666933333334
187.044	117.40823413333332
187.146	117.53835886666667
187.248	117.7652144
187.35	117.96869873333334
187.45	118.17375106666667
187.551	118.289416
187.652	118.43106966666667
187.753	118.52420026666668
187.855	118.54650793333333
187.956	118.57944406666668
188.057	118.59083933333335
188.157	118.53618359999999
188.259	118.43489493333333
188.36	118.31206046666667
188.461	118.29314813333332
188.563	118.21242659999999
188.664	118.20952279999999
188.766	118.15055893333331
188.868	118.037806
188.97	117.9671982
189.072	117.92665173333333
189.174	117.80986140000002
189.275	117.69390240000003
189.378	117.645615
189.479	117.55133073333333
189.582	117.52366780000001
189.683	117.43558806666667
189.785	117.38891260000001
189.888	117.32755126666667
189.99	117.1690244
190.093	117.04219113333332
190.196	116.94018619999999
190.298	116.81024426666666
190.401	116.67197666666668
190.504	116.45379886666666
190.607	116.25972086666667
190.71	116.11383213333333
190.813	115.89432793333334
190.917	115.75011599999999
191.02	115.62651773333333
191.125	115.42270006666668
191.229	115.32392233333333
191.334	115.15881113333333
191.438	115.04375446666667
191.543	114.89276273333333
191.648	114.72148119999999
191.752	114.57856326666665
191.857	114.40273706666663
191.962	114.26806159999998
192.067	114.1787226
192.171	114.02583580000001
192.277	113.8423604
192.382	113.7298756
192.488	113.55909393333333
192.594	113.32442093333334
192.7	113.15871953333335
192.805	112.88252053333333
192.912	112.65839879999999
193.019	112.36872553333333
193.126	112.15760819999998
193.233	111.9360202
193.341	111.73255800000001
193.448	111.53174153333335
193.548	111.22931586666668
193.656	110.9330182
193.764	110.76715193333334
193.864	110.5132316
193.972	110.2508156
194.072	110.02900773333334
194.172	109.78322293333333
194.273	109.52799873333332
194.374	109.36482253333334
194.474	109.09746806666665
194.575	108.81462413333333
194.677	108.5762202
194.778	108.35285333333333
194.88	108.03202366666666
194.982	107.73327626666666
195.084	107.53208833333333
195.186	107.29257426666666
195.29	106.924855
195.393	106.7088918
195.495	106.46272933333333
195.6	106.18672553333334
195.703	105.93831506666668
195.807	105.6620374
195.912	105.40626793333334
196.017	105.16703993333334
196.122	104.95778113333334
196.227	104.65177306666668
196.332	104.33721333333332
196.438	104.06718906666669
196.544	103.80665906666668
196.649	103.52938613333335
196.755	103.24661186666667
196.862	103.09245600000001
196.969	102.7758274
197.077	102.6109626
197.185	102.36401433333334
197.293	102.1851258
197.401	102.0253202
197.51	101.7944036
197.618	101.65545673333332
197.727	101.54237613333333
197.835	101.4689492
197.944	101.4219994
198.053	101.41273999999999
198.161	101.3903758
198.27	101.38463306666668
198.378	101.4520314
198.487	101.45537300000001
198.596	101.54376946666667
198.704	101.54736366666666
198.812	101.56323240000002
198.92	101.59559600000001
199.029	101.62374033333336
199.136	101.73479880000004
199.244	101.81190480000002
199.352	101.88261600000003
199.46	101.97026826666666
199.569	102.08484066666666
199.677	102.20929366666665
199.785	102.26064713333332
199.892	102.35251133333333
199.999	102.42165739999999
200.107	102.54790986666666
200.214	102.67187533333332
200.32	102.80096400000001
200.427	102.9847146
200.534	103.16092540000001
200.641	103.31542306666668
200.747	103.46929606666667
200.853	103.64043933333333
200.959	103.786928
201.065	103.91866833333334
201.171	104.02538480000001
201.276	104.13278020000001
201.382	104.36099293333334
201.487	104.56007493333335
201.591	104.7136778
201.696	104.87301446666669
201.801	105.02503886666668
201.906	105.22771206666667
202.011	105.43271013333334
202.115	105.65297886666669
202.219	105.87185900000001
202.323	106.01228273333332
202.427	106.11837453333334
202.53	106.36269426666667
202.633	106.55015033333332
202.736	106.72643266666665
202.838	106.82435466666666
202.94	106.96837246666665
203.043	107.17066620000001
203.146	107.37430926666667
203.248	107.59623746666666
203.35	107.79257293333333
203.453	107.91575779999997
203.556	108.10245679999998
203.658	108.20708699999999
203.759	108.40956359999998
203.86	108.6694282
203.96	108.91305273333333
204.061	109.08391373333333
204.162	109.31463346666666
204.262	109.55082046666668
204.363	109.87276893333333
204.463	110.15501273333332
204.571	110.40222953333333
204.679	110.59917733333332
204.779	110.80418246666667
204.887	111.06637426666667
204.995	111.37812020000001
205.103	111.63175506666668
205.21	111.98544333333335
205.316	112.24958280000001
205.424	112.50633573333333
205.53	112.74234700000001
205.636	113.02381073333335
205.742	113.30830766666665
205.848	113.58888646666666
205.952	113.94266893333334
206.057	114.17952740000001
206.162	114.42453806666666
206.267	114.71182433333334
206.371	115.01994459999999
206.476	115.3433234
206.58	115.61548726666668
206.683	115.90000726666668
206.786	116.08929866666668
206.89	116.34240573333335
206.993	116.6087386666667
207.095	116.86762806666668
207.197	117.12058533333334
207.299	117.30129480000001
207.401	117.55648473333333
207.503	117.72577360000001
207.605	117.95704920000001
207.706	118.17972753333335
207.807	118.28117066666667
207.908	118.38116706666669
208.01	118.45024033333335
208.111	118.46093666666668
208.212	118.483184
208.312	118.55707933333335
208.413	118.51931433333336
208.515	118.48492526666665
208.616	118.47851146666667
208.717	118.46762666666667
208.819	118.4735792
208.92	118.38724313333334
209.021	118.30527833333332
209.123	118.15163586666668
209.225	118.02815740000001
209.327	118.02447493333334
209.428	117.94556713333333
209.53	117.80634186666667
209.632	117.74305293333333
209.733	117.6373680666667
209.836	117.48734626666668
209.938	117.36147606666667
210.04	117.2508052
210.142	117.08959320000002
210.245	116.92727286666667
210.347	116.84670559999999
210.45	116.6788112
210.554	116.52415553333334
210.657	116.40165266666668
210.76	116.2665178
210.864	116.09520806666669
210.967	115.95037613333334
211.07	115.8560318
211.174	115.73856600000002
211.278	115.57544260000002
211.382	115.43571253333334
211.486	115.3190928
211.59	115.12768906666669
211.694	115.02472873333335
211.798	114.8849638666667
211.903	114.64930313333336
212.008	114.56556680000001
212.113	114.39700746666666
212.218	114.23085806666664
212.324	114.05955739999997
212.429	113.88680833333332
212.534	113.62981559999999
212.64	113.41248226666667
212.745	113.19321166666666
212.852	113.01874033333333
212.958	112.79339626666668
213.064	112.57402540000002
213.171	112.37998253333335
213.279	112.15478540000002
213.386	111.90812493333334
213.493	111.72159866666668
213.6	111.52728866666668
213.7	111.2692706
213.808	111.05158606666666
213.917	110.7838688
214.025	110.54091853333333
214.125	110.33476093333334
214.233	110.15494513333333
214.341	109.94452853333335
214.442	109.6569372
214.543	109.4970906
214.644	109.28983566666666
214.745	109.10882546666666
214.846	108.88183966666664
214.947	108.66094559999998
215.048	108.36361439999999
215.15	108.03227426666666
215.252	107.87693693333331
215.354	107.65496493333332
215.456	107.4160432
215.559	107.1699314
215.661	106.97658513333334
215.765	106.62493140000002
215.869	106.3338268
215.972	106.06843126666668
216.076	105.77446540000001
216.18	105.5034632
216.285	105.18615706666668
216.389	104.92594853333335
216.494	104.6245746
216.6	104.38408093333334
216.706	104.15423013333334
216.812	103.81407013333332
216.918	103.48432653333332
217.025	103.20382573333332
217.131	102.9415472
217.239	102.69201013333333
217.346	102.53314633333335
217.453	102.34169773333335
217.561	102.18729706666667
217.67	101.98982146666665
217.779	101.82703919999999
217.888	101.69704493333333
217.996	101.61951900000001
218.104	101.55689566666668
218.212	101.5472482
218.321	101.48369566666666
218.43	101.43755780000001
218.539	101.46572433333333
218.647	101.46796473333333
218.755	101.53730773333334
218.863	101.57730040000001
218.971	101.5937726
219.079	101.63557493333333
219.188	101.77260646666667
219.296	101.87602480000002
219.405	102.01170373333335
219.513	102.09270126666667
219.62	102.14359146666668
219.728	102.2498607333333
219.836	102.27728679999998
219.942	102.36813913333334
220.05	102.55531706666666
220.156	102.69019499999999
220.264	102.85361000000002
220.371	102.8939606
220.477	102.9726416
220.584	103.10342526666668
220.691	103.28197460000001
220.797	103.4065598
220.903	103.50199166666668
221.009	103.61110146666668
221.116	103.75200706666668
221.222	103.90613213333334
221.328	104.06804233333335
221.433	104.24191619999998
221.538	104.39147526666666
221.644	104.5361174
221.749	104.71264046666666
221.854	104.92699973333332
221.959	105.22044499999998
222.063	105.4067142
222.167	105.58308546666667
222.272	105.74738813333335
222.375	105.92643240000002
222.479	106.12427606666668
222.582	106.29580900000002
222.685	106.49987966666666
222.788	106.66467113333333
222.891	106.8195102
222.994	107.04141613333333
223.096	107.2437652
223.199	107.38690479999998
223.301	107.52942526666666
223.403	107.65062519999998
223.506	107.80045966666665
223.607	107.96016553333334
223.709	108.20531326666665
223.81	108.28858446666665
223.912	108.43314166666666
224.014	108.64599359999998
224.115	108.84874233333333
224.215	109.06648166666668
224.316	109.28011080000002
224.416	109.5237298
224.518	109.6909622
224.618	109.94313366666665
224.727	110.1830528
224.835	110.4510382
224.944	110.73461713333333
225.052	111.02680819999999
225.159	111.28268806666667
225.267	111.50733646666666
225.374	111.880894
225.482	112.13656093333334
225.588	112.41567300000003
225.695	112.69181740000003
225.8	113.04818020000002
225.907	113.30970613333335
226.012	113.52186653333334
226.117	113.86765206666668
226.223	114.18326733333332
226.328	114.51490199999998
226.433	114.84566613333331
226.536	115.0940952
226.641	115.30944266666665
226.745	115.65951273333333
226.848	115.9657212
226.951	116.27459453333334
227.054	116.62508613333334
227.156	116.93993186666667
227.259	117.23310046666667
227.361	117.40781653333332
227.463	117.66041533333333
227.565	117.94729219999999
227.666	118.06888533333333
227.767	118.16569286666666
227.867	118.2708918
227.968	118.40657146666668
228.069	118.55261473333333
228.171	118.65276100000001
228.271	118.71028866666667
228.373	118.66788960000001
228.474	118.64403646666666
228.576	118.63070699999999
228.676	118.62763966666665
228.777	118.62425693333331
228.878	118.6065642
228.979	118.63806779999999
229.081	118.56983006666665
229.183	118.58233166666666
229.284	118.56542386666668
229.385	118.54586053333334
229.486	118.49969680000001
229.587	118.36580106666666
229.688	118.30330386666668
229.789	118.21460286666667
229.891	118.12604933333333
229.992	118.01940906666665
230.094	117.95142759999999
230.195	117.83980999999997
230.298	117.73681726666665
230.4	117.61212006666665
230.502	117.48180013333332
230.605	117.393833
230.708	117.2757786
230.81	117.15191933333334
230.912	117.00703720000003
231.015	116.80839993333338
231.117	116.70048346666668
231.22	116.56920106666666
231.323	116.43092326666667
231.426	116.40159993333333
231.529	116.30480533333333
231.632	116.164785
231.736	115.99149186666666
231.84	115.77662679999999
231.944	115.61205213333332
232.048	115.45264159999998
232.152	115.29111013333333
232.256	115.17858993333333
232.36	115.03733760000001
232.464	114.86631153333335
232.569	114.67069513333334
232.674	114.45246366666667
232.779	114.29926226666667
232.884	114.11680940000001
232.988	113.86771713333333
233.094	113.63865973333331
233.2	113.40631446666664
233.306	113.22699466666664
233.413	113.05566333333333
233.519	112.81995713333332
233.626	112.56351346666666
233.733	112.331868
233.84	112.00813459999999
233.947	111.73996826666666
234.054	111.51770393333332
234.162	111.3065338
234.27	111.07612813333331
234.378	110.84993653333335
234.487	110.6147534
234.596	110.42212226666668
234.696	110.1779236
234.796	109.86616753333331
234.896	109.62624333333332
234.997	109.36372419999998
235.097	109.13260926666663
235.198	108.90768340000001
235.299	108.66102426666667
235.401	108.4306842
235.503	108.19258346666668
235.604	107.96350780000002
235.707	107.71777866666667
235.809	107.50892306666668
235.912	107.20838546666668
236.014	106.91401
236.117	106.60718306666668
236.221	106.38177599999999
236.324	106.20505326666667
236.428	105.86616673333334
236.532	105.6075898
236.637	105.31176773333333
236.742	105.02965060000001
236.847	104.73881460000001
236.952	104.49067986666665
237.057	104.17004573333332
237.163	103.88528826666666
237.269	103.5968144
237.376	103.37590713333333
237.483	103.16494159999999
237.59	102.98392986666666
237.697	102.83547133333333
237.805	102.67183833333334
237.913	102.50850973333334
238.021	102.37815313333334
238.128	102.22560533333332
238.236	102.21339413333334
238.344	102.12135933333334
238.451	102.12501300000001
238.559	102.106927
238.666	102.0797342
238.775	102.07485466666667
238.883	102.13257966666667
238.991	102.10408546666666
239.099	102.16436320000001
239.205	102.20432506666666
239.313	102.26680860000002
239.421	102.2758886
239.529	102.29976513333332
239.636	102.3947254
239.744	102.4388044
239.851	102.46500466666666
239.958	102.58295913333333
240.065	102.65798946666668
240.172	102.72636093333335
240.279	102.85241113333335
240.386	102.9689726
240.494	103.09691006666668
240.601	103.25848786666667
240.707	103.37216946666668
240.813	103.55857380000002
240.919	103.64812986666668
241.026	103.8104044666667
241.131	103.98798106666668
241.237	104.19578000000001
241.342	104.39236413333334
241.447	104.54143906666668
241.552	104.70899073333334
241.657	104.79910980000001
241.762	104.90507346666666
241.866	105.07577380000001
241.97	105.13409713333333
242.075	105.2344641333333
242.179	105.34877039999998
242.283	105.5002299333333
242.387	105.60644086666665
242.492	105.716251
242.596	105.90050753333335
242.701	106.03917653333336
242.805	106.1509588666667
242.909	106.34249980000001
243.011	106.49195300000001
243.114	106.58570946666667
243.218	106.81790000000001
243.32	107.04303393333335
243.422	107.27455720000002
243.525	107.54694
243.626	107.76461853333335
243.729	108.01108366666666
243.831	108.13939566666664
243.932	108.28979399999999
244.033	108.5537082
244.134	108.68800806666667
244.235	108.93087433333334
244.336	109.09693113333333
244.436	109.29733613333333
244.537	109.57298726666667
244.638	109.87258473333333
244.738	110.00649133333334
244.838	110.22947026666667
244.946	110.41679900000001
245.046	110.67528473333333
245.154	110.9848262
245.262	111.19884886666665
245.369	111.54380526666665
245.477	111.83296786666666
245.584	112.05698933333333
245.691	112.32253140000002
245.798	112.53420380000001
245.903	112.83450166666667
246.01	113.1145604
246.115	113.38126966666667
246.22	113.61103073333334
246.326	113.95703706666667
246.432	114.2240306
246.537	114.59956333333335
246.642	114.86399906666666
246.746	115.0688932
246.849	115.38062966666666
246.953	115.59010333333335
247.057	115.8819082
247.16	116.21027219999999
247.262	116.56313426666667
247.365	116.9746522
247.468	117.2919172
247.57	117.5382312
247.672	117.79325913333334
247.774	118.10245979999999
247.875	118.3439888
247.976	118.55794926666667
248.076	118.69731333333334
248.176	118.94143360000001
248.277	119.14427700000003
248.378	119.35548173333335
248.478	119.51670686666668
248.578	119.62923233333335
248.679	119.6275934
248.779	119.65194233333332
248.879	119.54842106666665
248.979	119.586096
249.086	119.57213726666666
249.187	119.52313986666667
249.287	119.43431666666666
249.388	119.36781533333331
249.489	119.28962299999999
249.59	119.24356579999998
249.69	119.07747799999999
249.791	118.94168579999997
249.892	118.75965746666665
249.993	118.62936826666666
250.094	118.51862126666667
250.196	118.42799166666668
250.297	118.32246800000001
250.399	118.22303560000002
250.5	118.17714166666669
250.602	118.03771773333334
250.704	117.92359853333333
250.806	117.78646106666669
250.908	117.63981366666668
251.01	117.50509039999999
251.112	117.2987886
251.213	117.18111906666664
251.316	117.09109059999999
251.418	116.99725993333331
251.521	116.8740666
251.624	116.71723386666666
251.728	116.63328340000001
251.831	116.53089946666665
251.935	116.36762579999998
252.038	116.11936986666666
252.141	115.9774133333333
252.244	115.8395837333333
252.348	115.73316013333333
252.452	115.57048353333332
252.555	115.43417099999998
252.659	115.2813998
252.763	115.14282400000002
252.868	114.95336853333335
252.972	114.71180606666667
253.073	114.45064026666667
253.178	114.26432906666666
253.283	114.02191853333333
253.386	113.73714106666667
253.491	113.55451593333332
253.597	113.31322713333333
253.703	113.03369286666666
253.81	112.77221913333332
253.916	112.48620053333333
254.023	112.28583966666666
254.131	112.06843886666668
254.238	111.83974340000002
254.345	111.56010640000002
254.454	111.22879400000002
254.562	110.99152793333336
254.67	110.82212440000002
254.778	110.63094513333336
254.878	110.42079020000001
254.986	110.232963
255.087	109.95047279999999
255.188	109.7072318
255.288	109.56871593333334
255.389	109.32535526666668
255.489	109.10807246666668
255.59	108.88651966666667
255.691	108.6803266
255.792	108.45131586666666
255.894	108.18056653333333
255.996	107.98575426666667
256.098	107.74472886666668
256.2	107.55175340000001
256.303	107.28926006666669
256.405	107.01878293333334
256.508	106.76279573333333
256.612	106.53085893333332
256.716	106.25823886666667
256.82	105.94610786666665
256.923	105.7417848
257.027	105.49697600000003
257.132	105.24107826666668
257.236	104.94986066666667
257.341	104.65985886666665
257.447	104.45461579999998
257.553	104.16878766666665
257.659	103.93653079999997
257.765	103.61436479999999
257.871	103.31513806666665
257.977	103.09955193333333
258.085	102.91539413333334
258.192	102.78017999999999
258.3	102.66083426666665
258.408	102.57094466666666
258.516	102.3951434
258.624	102.27248953333333
258.732	102.1413368
258.84	102.05060440000001
258.947	102.07868413333334
259.054	102.07785233333333
259.162	102.19549633333332
259.27	102.21003706666664
259.378	102.2511921333333
259.486	102.30327719999998
259.594	102.40562866666667
259.701	102.48122713333333
259.804	102.57384793333333
259.911	102.59645486666666
260.018	102.70928686666666
260.126	102.84093886666668
260.233	102.93467173333333
260.339	103.09582873333333
260.446	103.24141593333334
260.552	103.32462880000001
260.656	103.43289886666666
260.762	103.5325138
260.868	103.671315
260.974	103.84586173333334
261.08	103.9962156
261.185	104.11393393333333
261.291	104.2453194
261.396	104.33632706666667
261.501	104.52312573333333
261.607	104.63637926666667
261.711	104.77778660000003
261.817	104.97905653333333
261.921	105.09714786666667
262.025	105.25336186666668
262.13	105.37010653333336
262.234	105.48826746666667
262.339	105.63777173333332
262.443	105.76772993333333
262.546	105.93375673333331
262.65	106.0935916
262.753	106.23465259999999
262.857	106.35551306666666
262.961	106.53529493333332
263.063	106.64041226666664
263.167	106.79836593333332
263.269	106.96246299999999
263.372	107.12314653333331
263.474	107.31954346666666
263.577	107.49107333333333
263.679	107.71372093333335
263.782	107.87267933333332
263.884	108.013055
263.985	108.20811206666667
264.086	108.35294626666665
264.187	108.67577980000002
264.288	108.90357880000002
264.389	109.08686320000001
264.49	109.3380242
264.591	109.59659193333333
264.692	109.85455280000001
264.792	110.14670746666667
264.899	110.37743859999999
264.999	110.55690573333332
265.099	110.76958540000001
265.206	110.99696886666668
265.314	111.34612033333333
265.422	111.6261996
265.528	111.90054953333333
265.635	112.17556386666665
265.742	112.32306919999999
265.849	112.61993139999998
265.956	112.92977399999998
266.061	113.11605146666666
266.167	113.38390906666667
266.273	113.60466746666667
266.379	113.78054986666666
266.484	114.02767966666667
266.588	114.36067126666667
266.693	114.6507788
266.797	114.95961100000001
266.902	115.17249086666668
267.006	115.42020826666666
267.11	115.6822726
267.214	115.9592448666667
267.316	116.22252080000001
267.42	116.52611686666668
267.522	116.7941546
267.625	117.20293153333334
267.727	117.49613966666666
267.829	117.84580466666665
267.931	118.17211339999997
268.033	118.39265959999997
268.133	118.54882253333332
268.234	118.73331266666665
268.334	118.91816059999998
268.434	119.12159299999999
268.534	119.36545826666665
268.634	119.58631020000001
268.734	119.77485966666669
268.835	119.86371120000003
268.936	119.86164373333335
269.036	119.96410453333336
269.136	119.8869868666667
269.243	119.87150773333336
269.343	119.82477393333333
269.45	119.75310593333332
269.551	119.74662119999999
269.651	119.739462
269.751	119.76638853333334
269.852	119.68744046666666
269.952	119.62662086666666
270.053	119.48026340000001
270.153	119.32363660000003
270.254	119.14653786666669
270.355	119.11471020000002
270.455	119.02168333333337
270.556	118.85559573333335
270.657	118.75414373333335
270.758	118.65958793333334
270.86	118.52551880000001
270.961	118.38269659999999
271.062	118.27874413333332
271.164	118.22239706666666
271.265	118.0604696
271.367	117.96144473333332
271.469	117.81715953333332
271.571	117.68258526666666
271.674	117.54801266666668
271.776	117.45702833333334
271.877	117.29259566666666
271.98	117.17027926666667
272.082	117.10326486666666
272.185	116.94726653333333
272.288	116.80067713333337
272.391	116.62445913333335
272.494	116.50468146666667
272.597	116.31724200000002
272.7	116.17092480000001
272.803	115.95446453333332
272.906	115.73228320000001
273.01	115.57713653333333
273.115	115.40098826666666
273.219	115.25480313333334
273.323	115.019799
273.427	114.76368760000001
273.532	114.47800146666668
273.638	114.252194
273.742	114.08973333333333
273.848	113.84636539999998
273.953	113.66469980000001
274.059	113.46486593333334
274.165	113.26649833333333
274.272	112.93265453333333
274.378	112.7341542
274.484	112.48693026666666
274.592	112.24767793333336
274.698	111.99392600000004
274.805	111.64045900000004
274.913	111.38774126666667
275.021	111.15805226666667
275.129	110.95789646666667
275.229	110.60860986666665
275.337	110.2937274
275.437	110.06582306666665
275.538	109.80925499999998
275.638	109.4671278
275.739	109.24461753333334
275.84	109.02888993333335
275.942	108.78928013333335
276.043	108.57451333333334
276.145	108.23460500000002
276.246	108.02813593333333
276.349	107.879333
276.45	107.67440726666665
276.552	107.50340359999998
276.655	107.23760586666664
276.758	107.03084806666666
276.861	106.82737226666664
276.964	106.55903833333333
277.068	106.33240140000001
277.171	106.15701893333333
277.274	105.84459473333332
277.379	105.5642412
277.484	105.3024918
277.588	105.06702873333332
277.693	104.86667366666666
277.798	104.55025293333331
277.903	104.26475493333334
278.009	104.02593466666664
278.116	103.75906073333331
278.222	103.60379746666666
278.328	103.45507473333333
278.435	103.27888000000002
278.543	103.17565806666667
278.65	103.01276473333336
278.757	102.900046
278.865	102.86082573333331
278.972	102.79128026666665
279.079	102.695582
279.186	102.6378786
279.293	102.66420013333331
279.4	102.67908633333333
279.507	102.74861406666666
279.613	102.79850893333332
279.721	102.83102266666667
279.829	102.89376846666664
279.936	102.95317233333334
280.038	103.03225966666668
280.138	103.13330220000002
280.244	103.20088413333336
280.35	103.24893606666667
280.457	103.23467253333335
280.563	103.29741340000002
280.669	103.40012006666669
280.775	103.49313806666667
280.88	103.65590440000001
280.987	103.80722266666668
281.093	103.9287220666667
281.2	104.09326373333334
281.306	104.23637946666668
281.412	104.32153820000002
281.518	104.42024500000001
281.622	104.57786593333334
281.727	104.6869
281.832	104.79326226666667
281.936	104.97817646666665
282.04	105.26409886666666
282.145	105.46244986666667
282.249	105.61665346666665
282.353	105.80120946666666
282.457	105.89473766666667
282.561	106.049247
282.665	106.17712206666667
282.767	106.24598886666668
282.871	106.41897266666668
282.975	106.59089739999999
283.078	106.79665220000001
283.18	106.95445666666667
283.283	107.10853300000001
283.386	107.2957238
283.489	107.47672666666668
283.591	107.5904494
283.693	107.79330039999999
283.794	108.04110053333332
283.896	108.24839233333333
283.997	108.37219953333332
284.099	108.58619353333332
284.2	108.80678606666667
284.301	108.99125140000001
284.402	109.19752280000002
284.502	109.45593806666668
284.602	109.66543233333333
284.703	109.86959533333334
284.803	110.14950859999999
284.911	110.38700193333331
285.012	110.56892126666665
285.12	110.80256513333332
285.228	110.978366
285.335	111.20983773333333
285.443	111.47717206666667
285.549	111.772052
285.657	112.02435413333333
285.764	112.25253179999999
285.871	112.57172493333331
285.978	112.87072439999997
286.084	113.0533169333333
286.19	113.313163
286.295	113.54643273333333
286.401	113.73682913333336
286.506	114.03634626666668
286.611	114.39052573333335
286.715	114.72692380000002
286.82	115.08207886666669
286.924	115.3869272
287.028	115.67378986666668
287.132	115.98563726666667
287.235	116.28326533333333
287.338	116.63398899999999
287.44	116.84099186666666
287.542	117.11496273333333
287.644	117.52194426666665
287.746	117.79998133333332
287.847	118.16212226666667
287.949	118.52006606666666
288.049	118.79031853333332
288.151	119.0136496
288.252	119.22506086666665
288.352	119.42533859999999
288.452	119.60372653333333
288.552	119.7350378
288.659	119.88802773333333
288.759	119.96428859999999
288.859	120.0032222
288.966	120.18712506666667
289.066	120.24050233333332
289.166	120.16846593333335
289.266	120.16878460000001
289.374	120.06192033333332
289.474	119.92458473333335
289.574	119.87938826666668
289.674	119.76189086666668
289.774	119.68648533333334
289.874	119.59140033333333
289.975	119.44820719999998
290.076	119.34918093333332
290.177	119.2232523333333
290.277	119.09017039999999
290.378	119.03383633333334
290.479	118.88780753333336
290.58	118.78958793333335
290.681	118.74037993333334
290.782	118.62239720000002
290.884	118.51902786666669
290.986	118.45776380000002
291.087	118.32120093333334
291.188	118.30120166666669
291.289	118.10743046666667
291.39	118.02863913333334
291.492	117.9531594
291.594	117.81392206666669
291.696	117.78051120000002
291.799	117.69525760000002
291.9	117.51326186666665
292.003	117.38798933333332
292.105	117.14867673333333
292.207	116.91840666666666
292.31	116.76966259999999
292.412	116.67231466666667
292.515	116.49607300000001
292.618	116.3842242
292.721	116.18744919999999
292.826	116.10100720000001
292.93	115.94766113333336
293.034	115.8182058
293.137	115.68575386666666
293.242	115.37190220000002
293.345	115.23253413333335
293.449	115.05305013333334
293.553	114.86250673333332
293.657	114.753742
293.762	114.62522326666667
293.866	114.4290078
293.972	114.19766406666668
294.077	114.02909279999999
294.183	113.81331159999999
294.289	113.56958839999999
294.394	113.29018420000001
294.5	112.98165700000001
294.607	112.71495386666668
294.714	112.48801186666667
294.82	112.32608133333332
294.927	112.06462859999998
295.034	111.77201726666665
295.142	111.49473659999998
295.242	111.22228459999998
295.35	110.94022586666667
295.457	110.73305846666668
295.557	110.4408702
295.665	110.12924960000001
295.766	109.85706406666668
295.867	109.61860933333332
295.967	109.41330833333332
296.068	109.20455319999999
296.169	108.9830678
296.271	108.69269886666667
296.373	108.450076
296.474	108.20088586666667
296.576	108.01315793333335
296.677	107.80584086666667
296.78	107.60439133333334
296.882	107.36788419999999
296.985	107.14631953333334
297.087	106.8925236
297.191	106.6870284
297.294	106.38115073333333
297.398	106.04085013333332
297.501	105.76030366666664
297.605	105.49048319999999
297.709	105.1958268
297.814	104.94846226666665
297.919	104.62215139999999
298.025	104.33130593333334
298.132	104.09214260000002
298.238	103.88647706666667
298.344	103.6571862
298.451	103.4892476
298.557	103.2816358
298.665	103.15104613333332
298.772	102.97812300000001
298.879	102.91611313333333
298.986	102.8961444
299.093	102.82755293333334
299.2	102.80834206666667
299.307	102.7708976
299.414	102.80845706666665
299.522	102.877513
299.628	102.97949926666666
299.736	103.04096753333332
299.843	103.07537759999998
299.949	103.12387400000001
300.056	103.22297393333335
300.162	103.2849506
300.268	103.3727836
300.375	103.4612812
300.481	103.51188
300.587	103.6332028
300.693	103.75402786666665
300.798	103.82550186666666
300.904	103.95100133333334
301.01	104.02956526666667
301.116	104.16117999999999
301.223	104.29451139999999
301.328	104.45826613333332
301.433	104.54578366666667
301.538	104.63688813333333
301.643	104.70673546666667
301.748	104.87100626666665
301.853	105.02429740000002
301.957	105.16776726666669
302.06	105.3974684
302.165	105.5640308
302.27	105.68470673333333
302.374	105.84531346666667
302.478	106.01559093333331
302.581	106.11807506666665
302.685	106.23974493333334
302.788	106.34491199999998
302.891	106.42987566666665
302.994	106.59119279999999
303.097	106.75021353333334
303.2	106.94726653333332
303.303	107.0753135333333
303.406	107.2505448
303.508	107.40682013333334
303.611	107.38851946666666
303.713	107.5151936
303.816	107.58142026666665
303.917	107.7140638
304.019	107.74912173333333
304.12	107.93867346666666
304.222	108.0500183076923
304.325	108.17274045454543
304.426	108.23604066666667
304.528	108.158803
304.629	108.44714299999998
304.731	108.60812333333332
304.832	109.298671
