0.0	111.673927
0.108	111.47029866666666
0.215	111.7198678
0.323	111.78824242857142
0.43	111.89112166666666
0.537	112.01762081818183
0.644	112.16703707692308
0.751	112.36665346666668
0.858	112.486972
0.964	112.71676866666667
1.071	112.92754699999999
1.177	113.10354793333333
1.283	113.25307120000002
1.388	113.4894754
1.494	113.7260178
1.6	114.001736
1.705	114.20500166666666
1.809	114.37317266666666
1.914	114.61581333333332
2.019	114.82550146666667
2.123	115.04781633333332
2.227	115.3305326
2.33	115.60269806666665
2.434	115.77823446666665
2.538	116.00871146666665
2.641000001	116.21249733333333
2.745000001	116.47309253333333
2.848000001	116.73655059999997
2.949000001	116.96730333333332
3.052000001	117.19432579999999
3.155000001	117.45884219999998
3.257000001	117.70716966666667
3.358000001	118.07994759999998
3.460000001	118.27242100000002
3.561000001	118.5840882
3.662000001	118.8214386
3.763000001	118.98089493333332
3.863000001	119.18877399999998
3.963000001	119.46324159999999
4.063000001	119.73544533333332
4.164000001	120.03856973333332
4.271000001	120.27019453333332
4.371000001	120.52740433333334
4.479000001	120.7658136666667
4.587000001	121.01144933333335
4.687000001	121.19034753333335
4.793000001	121.40442613333336
4.899000001	121.57551706666666
5.006000001	121.87797546666668
5.112000001	122.031897
5.218000001	122.29162046666669
5.324000001	122.51951899999999
5.430000001	122.78182013333334
5.536000001	123.03386646666668
5.642000001	123.24967786666667
5.747000001	123.41929426666667
5.853000001	123.64583026666668
5.958000001	123.83891266666667
6.062000001	124.07213266666668
6.167000001	124.24677666666668
6.272000001	124.44049373333334
6.376000001	124.62001666666666
6.479000001	124.80133273333333
6.583000001	125.027788
6.687000001	125.29534466666668
6.790000001	125.48595553333331
6.894000001	125.6427613333333
6.997000001	125.85975686666664
7.101000001	126.08422033333333
7.205000001	126.25660206666666
7.307000001	126.35333793333332
7.409000001	126.4882484
7.512000002	126.59226360000001
7.614000002	126.803121
7.716000002	126.91697966666668
7.818000002	127.07746166666666
7.920000002	127.23819959999999
8.023000002	127.40106666666665
8.125000002	127.41728966666665
8.227000002	127.5038242
8.328000002	127.67072013333333
8.430000002	127.78306406666667
8.532000002	127.91866320000001
8.634000002	128.0541662
8.735000002	128.05491673333333
8.837000002	128.1949544
8.938000002	128.35895066666666
9.039000002	128.49554733333332
9.140000002	128.44108693333334
9.241000002	128.53355093333332
9.341000002	128.61821906666665
9.443000002	128.71403946666666
9.544000002	128.738563
9.644000002	128.84080333333333
9.745000002	128.90262433333334
9.846000002	128.9722362
9.948000002	129.01083413333333
10.048	128.9424986
10.149	128.9253566666667
10.25	129.049238
10.351	129.09049860000002
10.451	129.12175826666666
10.551	129.09697286666668
10.652	129.1233532
10.753	129.18672653333334
10.854	129.1922994
10.954	129.24236393333334
11.055	129.27642026666666
11.162	129.29198706666668
11.263	129.27743086666666
11.364	129.24831120000002
11.465	129.3610722
11.565	129.4037082
11.665	129.42652193333336
11.766	129.36277966666668
11.867	129.2620424
11.967	129.2257054
12.067	129.16122673333334
12.167	129.17524486666667
12.268	129.09067153333334
12.368	128.98391353333332
12.469	128.83878133333332
12.571	128.68028099999998
12.671	128.62063353333335
12.773	128.45012873333334
12.874	128.24891533333331
12.975	127.96441986666666
13.077	127.82646646666669
13.179	127.6210478
13.281	127.45751079999998
13.383	127.32818126666665
13.485	127.11744633333332
13.588	127.03321346666664
13.691	126.82166013333332
13.793	126.643882
13.896	126.51222806666667
13.999	126.37252886666667
14.102	126.2470072
14.205	126.0220614
14.308	125.94282113333333
14.411	125.76747326666664
14.515	125.60938799999998
14.618	125.37752059999997
14.722	125.17657353333331
14.826	125.02630399999998
14.93	124.75037139999998
15.034	124.49973813333334
15.138	124.246632
15.243	124.02095966666667
15.349	123.780715
15.454	123.55689806666666
15.559	123.31028213333333
15.666	123.03775046666667
15.772	122.79552613333334
15.878	122.51746626666667
15.984	122.29116180000001
16.091	122.05554726666668
16.197	121.86678246666669
16.303	121.61344546666668
16.403	121.34478333333335
16.51	121.19800140000001
16.617	120.9903366
16.717	120.77042800000001
16.825	120.52951946666666
16.932	120.34939666666668
17.032	120.04314906666667
17.133	119.69064666666665
17.233	119.49693246666666
17.333	119.28296279999998
17.434	118.99607073333333
17.535	118.73452013333335
17.636	118.45675513333335
17.738	118.16495733333335
17.841	117.90006306666668
17.942	117.60223533333331
18.044	117.32782820000001
18.147	117.05981226666664
18.249	116.73962039999999
18.353	116.48356646666667
18.456	116.18652746666666
18.559	115.9016032
18.664	115.69696766666668
18.767	115.38308486666666
18.871	115.04253
18.976	114.77245026666667
19.081	114.49585113333333
19.185	114.21253619999997
19.291	113.96451566666664
19.396	113.70526486666667
19.503	113.45943086666665
19.609	113.19688733333332
19.715	112.95569026666666
19.822	112.72209893333334
19.929	112.50394486666666
20.035	112.21867293333331
20.143	112.02555693333332
20.25	111.789326
20.358	111.59193199999999
20.465	111.38720066666666
20.573	111.17022226666667
20.681	110.89484093333333
20.789	110.66176753333333
20.889	110.36231419999999
20.989	110.18686406666667
21.098	109.97598133333332
21.198	109.75011119999999
21.298	109.48322273333332
21.399	109.27420526666666
21.501	108.99401239999999
21.602	108.836984
21.703	108.610867
21.805	108.38360606666667
21.906	108.16122433333334
22.008	108.01055079999999
22.11	107.86714493333331
22.21300001	107.72396506666662
22.314	107.65515826666665
22.417	107.5541558
22.52	107.34622286666666
22.62300001	107.16482146666667
22.725	107.00243886666667
22.828	106.85531633333333
22.93100001	106.71177593333333
23.03400001	106.59868626666665
23.13700001	106.41492566666665
23.24	106.29652039999999
23.34400001	106.17712053333334
23.448	106.05839193333331
23.55200001	105.80531839999999
23.656	105.6770676
23.761	105.5406326
23.865	105.42453886666665
23.96900001	105.24460713333332
24.07400001	105.14705486666666
24.17900001	105.06289606666664
24.285	104.95091699999998
24.38900001	104.88022006666667
24.49400001	104.82012706666664
24.59900001	104.71685359999998
24.70400001	104.59327026666668
24.81	104.50919613333332
24.915	104.47962433333335
25.02100001	104.39691413333335
25.12600001	104.44103706666667
25.231	104.33931166666666
25.336	104.34796606666666
25.44300001	104.23132899999999
25.548	104.26776426666666
25.654	104.20308566666668
25.75900001	104.18470806666667
25.865	104.1801732
25.97	104.14863746666668
26.07600001	104.0715878
26.182	104.06568420000002
26.287	104.10216893333335
26.39300001	104.05737153333334
26.499	104.04445366666668
26.604	104.03962313333334
26.71000001	104.01380526666667
26.816	103.9850282
26.92200001	103.99065513333332
27.028	104.02870526666668
27.13400001	103.9543286
27.23900001	104.0217892
27.34500001	104.02244626666666
27.45100001	104.05510473333335
27.55700001	104.04592206666666
27.66200001	104.1048248
27.76800001	104.13814653333336
27.87400001	104.18844080000001
27.97900001	104.23067206666666
28.08500001	104.21983599999999
28.19000001	104.29375459999999
28.29600001	104.35019319999998
28.40100001	104.44278513333332
28.50600001	104.43914313333335
28.61100001	104.49872400000002
28.71700001	104.621205
28.82300001	104.68803873333334
28.92700001	104.8250698
29.03200001	104.87178166666666
29.13700001	105.01294266666666
29.24200001	105.11362646666664
29.34700001	105.20799066666665
29.45100001	105.38378219999998
29.55500001	105.5580765333333
29.65900001	105.79404439999999
29.76300001	105.95048613333331
29.86700001	106.05360893333334
29.97100001	106.21676386666667
30.07500001	106.400861
30.17700001	106.55030413333336
30.28000001	106.72204580000002
30.38200001	106.89398426666668
30.48500001	106.99946440000002
30.58800001	107.20916533333335
30.69100001	107.3582574
30.79300001	107.4908068
30.89500001	107.68942913333333
30.99700001	107.8483282
31.09900001	108.03596086666666
31.20100001	108.19939359999996
31.30300001	108.36766413333332
31.40400001	108.58651473333333
31.50600001	108.79297086666665
31.60700001	109.00623933333333
31.70700001	109.19305233333334
31.80700001	109.37214753333335
31.90700001	109.52428479999999
32.00800001	109.75347319999999
32.10800001	109.9897982
32.21600001	110.23931486666666
32.31600001	110.44944013333333
32.41600001	110.62027439999999
32.52400001	110.78263926666665
32.62400001	110.98551513333332
32.73200001	111.21717786666666
32.83900001	111.41441433333334
32.94600001	111.66162306666666
33.05400001	111.87585953333333
33.16100001	112.13987473333333
33.26800001	112.4108356
33.37500001	112.67408773333334
33.48100001	112.95518746666667
33.58700001	113.22473953333333
33.69300001	113.38817026666666
33.79800001	113.63001379999999
33.90300001	113.97786173333333
34.00800001	114.2963622
34.11300001	114.56634373333334
34.21700001	114.87084953333333
34.32200001	115.10428946666666
34.42600001	115.42588333333333
34.53000001	115.69386513333333
34.63300001	115.99453153333334
34.73600001	116.2453772
34.84000001	116.46383933333331
34.94200001	116.77254513333332
35.04500001	117.05465326666668
35.14700001	117.31407173333334
35.24900001	117.66361926666667
35.35000001	117.9284016
35.45200001	118.12953940000001
35.55400001	118.40535853333334
35.65400001	118.68560766666666
35.75500001	118.87024006666667
35.85600001	119.10744373333334
35.95600001	119.34173186666666
36.05700001	119.66206673333333
36.15700001	119.90651506666667
36.25700001	120.19231546666668
36.36500001	120.43996166666668
36.46500001	120.63046960000001
36.57200001	120.87044940000001
36.67200001	121.13899113333333
36.77800001	121.33819706666667
36.88400001	121.56016233333331
36.99100001	121.79226333333332
37.09800001	122.0496848
37.20400001	122.24006260000002
37.31000001	122.51058546666668
37.41600001	122.77919353333336
37.52200001	122.97590933333335
37.62800001	123.1846176
37.73300001	123.3006542
37.83800001	123.49670133333332
37.94300001	123.77579766666666
38.04800001	123.96281993333334
38.15200001	124.12946233333334
38.25700001	124.26829666666667
38.36100001	124.46947553333334
38.46600001	124.67395853333333
38.57000001	124.91983913333334
38.67300001	125.04605713333333
38.77700001	125.24960966666667
38.88100001	125.47952946666668
38.98500001	125.67852553333334
39.08900001	125.89267206666666
39.19200001	126.01374506666667
39.29400001	126.24254186666667
39.39700001	126.29807753333333
39.50000001	126.37770206666666
39.60200001	126.53799133333332
39.70400001	126.73148959999999
39.80600001	126.83558053333333
39.90800001	126.9398874
40.01100001	127.08672006666669
40.11400001	127.16928033333333
40.21600001	127.25197793333335
40.31800001	127.40833753333335
40.42000001	127.47843046666667
40.52300001	127.52313906666664
40.62500001	127.6370678
40.72600001	127.70766933333334
40.82800001	127.81096966666668
40.93000001	127.97384753333334
41.03100001	128.11951746666668
41.13200001	128.1618384
41.23300001	128.2521814
41.33400001	128.39490306666667
41.43500001	128.46209773333334
41.53700001	128.47138826666665
41.63800001	128.51785133333334
41.73800001	128.61536346666668
41.84000001	128.66806473333335
41.94100001	128.63800346666667
42.04100001	128.70745433333335
42.14300001	128.72941046666668
42.24400001	128.6972338
42.34500001	128.74584480000001
42.44600001	128.73659786666667
42.54600001	128.7116748
42.64800001	128.76978413333333
42.74800001	128.79365879999997
42.84900001	128.83754066666665
42.95100001	128.89442693333334
43.05100001	128.8160204
43.15200001	128.83573613333334
43.25300001	128.788007
43.35400001	128.74995593333333
43.45500001	128.75989633333333
43.55500001	128.62725393333332
43.65600001	128.58099646666668
43.75800001	128.58401946666666
43.85900001	128.44861146666665
43.96000001	128.37326539999998
44.06100001	128.2897813333333
44.16200001	128.16236
44.26400001	127.99000833333335
44.36600001	127.76106666666668
44.46700001	127.54110973333334
44.56900001	127.5149624666667
44.67100001	127.39966893333336
44.77300001	127.30800479999999
44.87600001	127.1279072
44.97800001	126.9296938
45.08100001	126.83513426666667
45.18500001	126.59346753333332
45.28700001	126.47505406666666
45.38900001	126.3598128
45.49200001	126.17580426666667
45.59500001	126.03375293333332
45.69900001	125.88210673333333
45.80200001	125.70767926666667
45.90600001	125.57770753333332
46.00900001	125.48913773333335
46.11300001	125.28405273333331
46.21700001	125.07463153333333
46.32100001	124.872452
46.42500001	124.6596864
46.52900001	124.46584613333334
46.63400001	124.20743186666665
46.73900001	124.04025959999998
46.84400001	123.76453739999998
46.94800001	123.55370666666666
47.05400001	123.38881713333333
47.15900001	123.11242033333333
47.26500001	122.8779696
47.37200001	122.59972653333334
47.47800001	122.35624080000002
47.58500001	122.09268506666666
47.69100001	121.77136526666666
47.79700001	121.4946582
47.90500001	121.23552913333333
48.01200001	121.03179373333333
48.11200001	120.85762766666667
48.22000001	120.6280556
48.32800001	120.39245206666666
48.42800001	120.16610506666667
48.52900001	119.8884884
48.62900001	119.6461594
48.72900001	119.45925813333334
48.82900001	119.23237493333336
48.93000001	119.06516613333335
49.03100001	118.86552726666669
49.13200001	118.57589866666666
49.23400001	118.4266276
49.33500001	118.12859706666667
49.43600001	117.87584666666666
49.53800001	117.57641273333333
49.64000001	117.32406486666667
49.74200001	117.06959266666668
49.84600001	116.80147320000002
49.94800001	116.51384726666669
50.05200001	116.25703593333334
50.15600001	115.90036426666666
50.26000001	115.58480133333332
50.36300001	115.2990824
50.46800001	114.94019726666664
50.57200001	114.59982439999999
50.67700001	114.36435073333331
50.78200001	114.07244386666665
50.88800001	113.85432239999997
50.99400001	113.59075066666666
51.10000001	113.33302599999999
51.20700001	113.00495219999999
51.31300001	112.77192093333333
51.42000001	112.47330186666667
51.52700001	112.23553026666669
51.63400001	111.92630406666667
51.74100001	111.75953306666666
51.84800001	111.50723966666668
51.95600001	111.28177559999999
52.06400001	111.0999674
52.16400001	110.928994
52.27200001	110.7226084
52.37200001	110.51033486666665
52.47200001	110.30644513333333
52.57200001	110.01979566666665
52.67200001	109.78891033333333
52.77200001	109.64387533333334
52.87200001	109.38968046666668
52.97300001	109.20983613333334
53.07400001	109.00004813333335
53.17400001	108.82881926666668
53.27700001	108.5692814666667
53.37800001	108.38912686666669
53.47900001	108.23569766666667
53.58200001	108.07104260000001
53.68400001	107.90875419999999
53.78600001	107.73065746666667
53.88900001	107.56710766666667
53.99200001	107.4140584
54.09400001	107.35521073333334
54.19600001	107.19286713333334
54.29900001	107.0098374666667
54.40100001	106.90890233333333
54.50400001	106.84815053333334
54.60800001	106.74123179999998
54.71100001	106.64480726666666
54.81300001	106.55834373333333
54.91700001	106.48214159999999
55.02100001	106.31610140000001
55.12500001	106.19084686666666
55.22800001	106.06952286666667
55.33200001	105.90994653333334
55.43600001	105.83400433333333
55.54000001	105.74909746666665
55.64400001	105.62848860000001
55.74800001	105.60874153333333
55.85300001	105.52357539999998
55.95700001	105.45231786666666
56.06200001	105.27017253333334
56.16700001	105.17095946666669
56.27100001	105.07611346666667
56.37600001	104.98461999999999
56.48000001	104.89926340000001
56.58500001	104.79817533333332
56.69000001	104.7286492
56.79500001	104.641325
56.90100001	104.6138456
57.00600001	104.52013133333331
57.11200001	104.47956619999997
57.21700001	104.40685979999999
57.32300001	104.30445266666665
57.42900001	104.25247879999999
57.53400001	104.24436199999998
57.64000001	104.22754639999998
57.74500001	104.15752426666667
57.85000001	104.1341284
57.95600001	104.13189453333331
58.06200001	104.04482253333332
58.16700001	104.1252446
58.27300001	104.14385206666667
58.37900001	104.13160053333334
58.48500001	104.09309006666668
58.59100001	104.11226620000001
58.69600001	104.08517306666667
58.80300001	104.1354026
58.90800001	104.18925506666668
59.01300001	104.22328859999999
59.11800001	104.17439126666665
59.22500001	104.22005366666666
59.33000001	104.29160019999999
59.43500001	104.35072066666667
59.54000001	104.40266553333336
59.64500001	104.53232420000002
59.75100001	104.59408173333335
59.85600001	104.59031246666667
59.96200001	104.74257400000002
60.06700001	104.86330706666668
60.17200001	104.99521499999999
60.27700001	105.13529906666666
60.38100001	105.22267373333334
60.48500001	105.3335486
60.59000001	105.47280746666665
60.69400001	105.67082253333332
60.79800001	105.82122093333331
60.90200001	105.99876239999999
61.00500001	106.16944659999997
61.10900001	106.31884179999999
61.21200001	106.39700126666665
61.31500001	106.47349486666667
61.41800001	106.68403200000002
61.52100001	106.80264786666666
61.62400001	106.9942948
61.72600001	107.06714466666668
61.82900001	107.17738100000001
61.93200001	107.32602486666666
62.03500001	107.48274966666666
62.13700001	107.63408226666667
62.23900001	107.76626013333333
62.34000001	107.92928746666666
62.44300001	108.05434593333332
62.54400001	108.19325026666667
62.64600001	108.35425466666668
62.74700001	108.61643186666667
62.84800001	108.8439982
62.94900001	109.00604666666668
63.05000001	109.15827753333335
63.15100001	109.36493293333336
63.25100001	109.57712313333334
63.35200001	109.81069706666668
63.46000001	110.03082033333334
63.56000001	110.24371606666665
63.66000001	110.44131459999998
63.76900001	110.65103773333333
63.87600001	110.84631506666665
63.97600001	111.09878926666666
64.08300001	111.32279806666665
64.19100001	111.60731953333332
64.29800001	111.8748956
64.40500001	112.1319562
64.51200001	112.35996133333335
64.61900001	112.63191846666665
64.72600001	112.84769166666665
64.83200001	113.11373553333333
64.93700001	113.33195933333333
65.04200001	113.56073673333331
65.14700001	113.81800973333333
65.25300001	114.05551726666666
65.35800001	114.37080846666667
65.46300001	114.62069793333335
65.56700001	114.81824173333334
65.67200001	115.11580920000002
65.77600001	115.39984513333333
65.87900001	115.61632666666667
65.98300001	115.87542279999998
66.08600001	116.20665766666664
66.19000001	116.42120786666665
66.29300001	116.66912273333332
66.39600001	116.98620053333333
66.49700001	117.31780733333333
66.59900001	117.66917666666667
66.70100001	117.96975793333334
66.80200001	118.27458499999999
66.90400001	118.44056440000001
67.00600001	118.80223873333335
67.10600001	119.097939
67.20600001	119.33583413333334
67.30600001	119.59491946666668
67.40600001	119.83464620000001
67.51400001	120.05378853333333
67.61400001	120.25216773333334
67.72200001	120.5215562
67.83000001	120.805019
67.93700001	121.0527242
68.04400001	121.26839446666666
68.15100001	121.42195673333332
68.25800001	121.62933086666666
68.36500001	121.81771513333335
68.47200001	122.04784000000001
68.57800001	122.22525040000001
68.68400001	122.4575686
68.78900001	122.69064213333334
68.89500001	122.8590288
69.00100001	123.04728146666667
69.10600001	123.31773586666668
69.21200001	123.53194400000001
69.31700001	123.82702513333335
69.42200001	124.1071238
69.52700001	124.27437546666668
69.63100001	124.487474
69.73600001	124.72138926666666
69.84000001	124.88549746666666
69.94400001	125.15857233333334
70.04700001	125.36428320000002
70.14900001	125.59052526666667
70.25300001	125.81493473333335
70.35600001	125.94792813333335
70.45900001	126.11697933333335
70.56200001	126.34634580000002
70.66400001	126.41315673333334
70.76800001	126.6182346
70.87000001	126.6689868
70.97200001	126.81611233333332
71.07500001	127.00358493333331
71.17700001	127.12199820000001
71.27900001	127.26883553333333
71.38200001	127.4010332
71.48400001	127.46944046666667
71.58600002	127.631591
71.68700001	127.75070406666664
71.78800001	127.8496543333333
71.89000001	128.02735299999998
71.99100001	128.1649845333333
72.09300002	128.30805846666664
72.19400001	128.4469645333333
72.29600002	128.55086293333332
72.39600002	128.694178
72.49700002	128.685922
72.59800001	128.73117893333333
72.69900001	128.80495033333332
72.79900001	128.87653213333334
72.90000001	128.9691172
73.00100002	129.00801453333335
73.10200002	129.10719193333335
73.20200002	129.13411719999996
73.30300001	129.10511713333332
73.40400001	129.10537326666665
73.50400001	129.17804073333335
73.60500001	129.09760839999998
73.70600002	129.18597346666667
73.80600001	129.243738
73.90600001	129.18196966666667
74.00800002	129.19909406666667
74.10900001	129.2042282666667
74.21600001	129.17824646666668
74.31700001	129.13563126666665
74.41700001	129.04338166666668
74.51700002	129.01710126666666
74.61900002	128.98758859999998
74.71900001	128.91745659999998
74.82000002	128.9413685333333
74.92100002	128.89085873333335
75.02200001	128.74466180000002
75.12400002	128.7811902
75.22500001	128.60267693333333
75.32500002	128.4142654
75.42700002	128.37530286666666
75.52800002	128.3317292
75.62900001	128.21009246666668
75.73100002	128.09326213333333
75.83200001	127.97715533333333
75.93400002	127.9248852
76.03600001	127.82670386666669
76.13800001	127.68135933333333
76.23900002	127.51530780000002
76.34100002	127.40737700000001
76.44300002	127.29313886666668
76.54600002	127.24428573333333
76.64800002	127.0055746
76.75100002	126.9411788
76.85300002	126.86470906666666
76.95600002	126.74309546666667
77.05800002	126.52397653333333
77.16100002	126.33456100000002
77.26300002	126.15282993333334
77.36700002	125.95945513333332
77.47000002	125.78419219999999
77.57300002	125.61993066666668
77.67600002	125.40229206666667
77.78000002	125.27037153333332
77.88500002	125.10306779999999
77.98900002	124.89638626666665
78.09400002	124.61502113333333
78.19800002	124.41632153333335
78.30300002	124.17254293333333
78.40800002	123.91630113333333
78.51300002	123.61273873333333
78.61700002	123.35482633333335
78.72200002	123.18831646666668
78.82800002	123.04959879999998
78.93400002	122.84145586666665
79.04000002	122.56899773333333
79.14700002	122.29223406666665
79.25400002	122.04273926666664
79.36100002	121.79452519999998
79.46800002	121.53619686666666
79.57400002	121.26516079999998
79.68100002	121.06056286666666
79.78100002	120.81141793333332
79.88100002	120.53782879999999
79.98100002	120.31192306666667
80.08100002	120.120058
80.18800002	119.92670206666665
80.28900002	119.66484766666666
80.38900002	119.33370613333334
80.49000002	119.06808053333332
80.59100002	118.82068653333332
80.69200002	118.58472106666666
80.79400002	118.30854986666667
80.89500002	118.03630819999998
80.99700002	117.73478126666666
81.09900002	117.41400086666665
81.20200002	117.07811946666666
81.30400002	116.90873159999998
81.40700002	116.62543606666667
81.51100002	116.31764086666668
81.61400002	116.02205586666668
81.71700002	115.7006038
81.82200002	115.40235900000002
81.92700002	115.15695986666668
82.03000002	114.86716
82.13500002	114.57558913333334
82.24000002	114.33963346666668
82.34500002	114.1852414
82.45100002	113.89506646666668
82.55700002	113.6421952
82.66200002	113.49060720000001
82.76900002	113.26634733333336
82.87600002	112.95650866666668
82.98200002	112.75365660000001
83.08700002	112.56200333333335
83.19500002	112.3141928
83.30200002	112.10336386666667
83.40800002	111.88686
83.51600002	111.60008373333332
83.62400002	111.39026713333332
83.73200002	111.21738073333331
83.83900002	110.98070606666667
83.93900002	110.70356513333331
84.03900002	110.528368
84.14700002	110.35925693333333
84.24800002	110.09681106666667
84.34800002	109.9224488
84.44900002	109.69621626666667
84.54900002	109.53540113333334
84.65000002	109.30957253333334
84.75000002	109.14476086666667
84.85100002	108.99345246666665
84.95200002	108.81548699999999
85.05300002	108.73132353333334
85.15500002	108.6219772
85.25600002	108.43397393333333
85.35800002	108.20791833333332
85.46000002	108.09084819999998
85.56200002	107.96450293333332
85.66400002	107.75403460000001
85.76500002	107.63782873333335
85.86700002	107.4498586
85.97000002	107.34792226666667
86.07400002	107.18769466666667
86.17600002	107.07919706666665
86.27900002	106.94825480000002
86.38200002	106.84260893333334
86.48500002	106.72131646666666
86.58900002	106.52586993333333
86.69200002	106.36866626666666
86.79500002	106.26318859999999
86.89900002	106.18671213333333
87.00300002	106.04800206666665
87.10600002	105.91029266666668
87.21000002	105.82863866666666
87.31400002	105.7350542666667
87.41900002	105.67040666666666
87.52300002	105.60203220000001
87.62800002	105.48237206666667
87.73200002	105.35824086666666
87.83700002	105.28821653333334
87.94100002	105.11506473333334
88.04600002	105.06987526666667
88.15000002	105.06672433333333
88.25400002	104.98243346666666
88.36000002	104.94100486666666
88.46500002	104.88672793333333
88.57000002	104.77332840000001
88.67600002	104.67993926666666
88.78000002	104.65990186666666
88.88500002	104.64851053333335
88.99000002	104.60264693333335
89.09500002	104.51115560000001
89.20100002	104.53222893333334
89.30700002	104.49024126666667
89.41300002	104.5023716
89.51800002	104.55827853333332
89.62200002	104.55130453333331
89.72800002	104.54983059999999
89.83300002	104.56394780000001
89.93800002	104.54123866666666
90.04400002	104.65125906666667
90.14900002	104.72354893333335
90.25400002	104.78160673333333
90.35800002	104.77199733333335
90.46300002	104.76217700000001
90.56800002	104.83690500000003
90.67400002	104.94701179999998
90.77800002	104.98051066666666
90.88300002	105.11188806666664
90.98800002	105.13264699999996
91.09200002	105.22285433333332
91.19700002	105.24071726666666
91.30200002	105.33528393333334
91.40500002	105.42012286666667
91.51000002	105.55301813333334
91.61400002	105.6421748
91.71800002	105.73963313333336
91.82200002	105.85253886666668
91.92600002	105.95353773333333
92.03000002	106.06323660000001
92.13400002	106.16904473333335
92.23700002	106.296179
92.34000002	106.39883733333336
92.44300002	106.50388726666668
92.54600002	106.67598066666666
92.65000002	106.78573733333334
92.75300002	106.98093693333334
92.85600002	107.102849
92.95800002	107.27824346666667
93.06100002	107.42151993333333
93.16300002	107.54252460000001
93.26500002	107.6620908
93.36700002	107.81898773333334
93.46900002	108.06955573333333
93.57000002	108.29638653333333
93.67200002	108.51382526666666
93.77300002	108.7022272
93.87400002	108.94621606666668
93.97600002	109.13792886666667
94.07700002	109.25885693333335
94.17700002	109.48695260000001
94.27700002	109.68387166666666
94.38500002	109.88357119999999
94.48500002	110.11801293333333
94.59300002	110.32285359999999
94.69300002	110.55411039999998
94.79300002	110.79819446666666
94.90100002	111.05045153333332
95.00900002	111.25625959999999
95.11700002	111.48985699999999
95.22400002	111.64918453333333
95.33200002	111.80925066666666
95.43900002	112.02802813333331
95.54600002	112.28010826666666
95.65200002	112.62443046666667
95.75800002	112.90984666666667
95.86400002	113.12402960000001
95.97000002	113.3739738
96.07700002	113.6938048
96.18200002	113.93187126666666
96.28700002	114.14663133333332
96.39200002	114.47670366666665
96.49600002	114.72683339999999
96.60100002	114.98231726666667
96.70500002	115.19665473333335
96.80800002	115.48658193333334
96.91200002	115.78673713333333
97.01600002	116.07336740000001
97.11800002	116.32384093333333
97.22100002	116.52834493333333
97.32400002	116.74506233333335
97.42700002	117.05713906666668
97.52900002	117.3331018666667
97.63100002	117.48942293333334
97.73300002	117.8206146
97.83500002	118.11349713333333
97.93700002	118.29918853333334
98.03800002	118.6070904
98.13800002	118.89087653333334
98.23900002	119.15138553333334
98.34000002	119.47499580000002
98.44000002	119.74436320000001
98.54000002	120.02317720000002
98.64000002	120.38320433333335
98.74800002	120.69235606666666
98.85500002	120.95598620000001
98.96200002	121.25786693333333
99.06900002	121.52356853333335
99.17600002	121.78967393333333
99.28200002	122.05708693333332
99.38800002	122.29162593333332
99.49400002	122.52135646666666
99.60000002	122.77860293333333
99.70500002	122.99390786666666
99.81000002	123.2354138
99.91600002	123.41985326666668
100.021	123.68577973333335
100.126	123.92393173333335
100.232	124.07030186666667
100.336	124.19142099999999
100.44	124.41750799999998
100.545	124.56845499999999
100.649	124.76277573333331
100.753	125.05762066666666
100.856	125.22896973333333
100.96	125.47433733333332
101.064	125.67113953333333
101.167	125.75663626666666
101.27	125.90437739999999
101.373	126.15546366666665
101.475	126.35909186666665
101.578	126.49374766666665
101.68	126.638179
101.783	126.80914419999999
101.887	127.1130628
101.989	127.26689413333334
102.091	127.46964986666666
102.192	127.6599634
102.294	127.75492053333332
102.396	127.86311953333332
102.497	127.96520719999998
102.598	128.14096746666667
102.699	128.33214853333334
102.8	128.53057426666666
102.901	128.64557926666666
103.002	128.77983453333334
103.103	128.96572086666666
103.204	129.0557683333333
103.305	129.19368086666665
103.406	129.27358713333334
103.506	129.36025446666667
103.606	129.39444253333335
103.707	129.4771759333333
103.814	129.5010756
103.914	129.6029982
104.014	129.65239033333333
104.114	129.7475271333333
104.215	129.85828839999996
104.315	129.89625786666664
104.415	129.89746586666664
104.515	129.91957326666667
104.615	129.90733893333334
104.716	129.9584231333333
104.816	129.97962853333334
104.923	129.98536199999998
105.023	130.03053306666666
105.123	130.093706
105.223	130.13920086666667
105.323	130.27288586666663
105.423	130.32121986666664
105.53	130.32904906666664
105.63	130.3098877333333
105.737	130.32452186666663
105.837	130.4108728
105.944	130.46086746666666
106.05	130.38351146666665
106.15	130.31922386666668
106.25	130.28872553333335
106.35	130.26838686666667
106.45	130.25363533333334
106.556	130.2129472
106.656	130.1166094
106.757	130.0984342666667
106.857	129.9717739333333
106.957	129.873929
107.057	129.77586513333333
107.157	129.67421180000002
107.258	129.54038633333337
107.358	129.3299324666667
107.458	129.1684320666667
107.558	129.07971406666667
107.659	128.93795593333334
107.761	128.86433760000003
107.862	128.75388740000002
107.963	128.53994973333337
108.064	128.33021386666667
108.166	128.17126433333334
108.267	127.89512893333334
108.37	127.710055
108.471	127.56114673333335
108.572	127.44026566666666
108.675	127.20197966666666
108.777	127.0228156
108.88	126.83167286666665
108.983	126.65133159999999
109.085	126.40890686666667
109.188	126.29157026666667
109.291	126.00722706666667
109.395	125.71006946666667
109.498	125.53281766666666
109.602	125.31559806666668
109.705	125.09166820000002
109.81	124.900001
109.914	124.62244133333336
110.018	124.3556394
110.123	124.0575686
110.228	123.93491573333333
110.333	123.67374686666666
110.439	123.39982779999998
110.544	123.12266393333331
110.65	122.96298013333332
110.756	122.70864726666666
110.863	122.41821626666665
110.969	122.20316986666667
111.075	121.89152293333333
111.182	121.63924540000001
111.289	121.3700980666667
111.396	121.05599726666668
111.503	120.81687986666665
111.603	120.49384
111.711	120.31501606666667
111.811	119.99980773333333
111.912	119.7139993333333
112.012	119.43664239999998
112.113	119.11363826666668
112.214	118.76949246666666
112.316	118.42830020000001
112.417	118.24723173333335
112.518	117.95066360000001
112.62	117.67754246666667
112.722	117.40350953333333
112.825	117.16751213333333
112.928	116.8756236
113.031	116.53374266666667
113.132	116.23789566666666
113.24	115.89714306666669
113.344	115.61932873333335
113.448	115.32116406666667
113.552	115.04200086666667
113.656	114.85415706666666
113.762	114.58385079999998
113.867	114.34492039999996
113.97	113.97071806666665
114.075	113.68194033333332
114.181	113.41720939999998
114.287	113.17698960000003
114.393	112.86225033333334
114.499	112.63351820000001
114.606	112.45256993333334
114.713	112.27119520000001
114.82	112.03586480000003
114.928	111.77349686666668
115.035	111.60649826666668
115.144	111.35178259999999
115.251	111.1281224
115.351	110.91474080000002
115.459	110.674634
115.567	110.55964233333333
115.667	110.3631544
115.767	110.2074024
115.867	109.99087553333332
115.967	109.84506633333332
116.068	109.72369919999998
116.169	109.5353794
116.278	109.35080073333332
116.379	109.24942833333331
116.479	109.10604926666664
116.581	108.88960046666668
116.682	108.80014399999999
116.782	108.62094673333334
116.884	108.4977836
116.986	108.34753040000001
117.087	108.1527366
117.189	108.0251256
117.291	107.85548526666668
117.393	107.76822746666667
117.495	107.64088033333334
117.598	107.43826713333333
117.701	107.32497613333334
117.803	107.2109726
117.906	106.9940932
118.009	106.881239
118.112	106.79528346666665
118.215	106.67766193333333
118.318	106.59728606666665
118.422	106.54461719999999
118.525	106.50789833333334
118.629	106.43264653333335
118.733	106.34772560000002
118.836	106.35281359999999
118.94	106.24025306666665
119.043	106.19751566666666
119.146	106.13039873333332
119.25	106.11588060000001
119.354	106.03539720000002
119.458	106.03546580000001
119.561	105.99051099999998
119.665	105.88695086666665
119.768	105.82657813333331
119.873	105.75757299999997
119.977	105.69090546666665
120.081	105.70635966666664
120.185	105.66888839999999
120.289	105.61565993333333
120.394	105.53147406666668
120.499	105.5261446
120.603	105.4881094
120.707	105.50446553333333
120.811	105.47045886666665
120.915	105.49386473333333
121.02	105.44595986666667
121.124	105.46540853333333
121.229	105.46008373333333
121.333	105.4936324
121.437	105.53230740000001
121.541	105.57679513333333
121.645	105.56024453333335
121.75	105.62399266666667
121.854	105.69737393333335
121.959	105.76076906666668
122.063	105.83178833333335
122.167	105.89991393333337
122.27	105.99108006666668
122.374	106.02891593333334
122.477	106.09581433333334
122.581	106.22464080000002
122.684	106.30581573333333
122.788	106.43955186666668
122.891	106.55929140000002
122.994	106.64766260000002
123.097	106.73897826666666
123.2	106.83142933333333
123.303	106.96729640000002
123.406	107.12497306666667
123.509	107.21336146666665
123.611	107.3636628
123.714	107.46526926666668
123.816	107.60437720000002
123.918	107.77849806666667
124.02	107.91797293333333
124.121	108.05105533333332
124.223	108.22708459999998
124.325	108.44589633333332
124.426	108.62261120000001
124.527	108.85635613333335
124.628	109.0762134
124.729	109.3082332
124.83	109.44298073333334
124.931	109.62703540000001
125.031	109.80087193333334
125.139	109.96859986666666
125.239	110.22053766666666
125.347	110.44664753333333
125.455	110.61610206666667
125.555	110.86916579999999
125.662	111.06384386666667
125.762	111.24162980000001
125.87	111.42359193333333
125.977	111.61333913333334
126.084	111.82539233333334
126.192	111.9739714
126.299	112.13761366666668
126.406	112.36414080000002
126.513	112.54053000000002
126.619	112.831945
126.725	113.10390333333334
126.831	113.30543253333332
126.937	113.53610773333334
127.042	113.86710426666666
127.148	114.09780060000001
127.253	114.36565380000003
127.358	114.61879360000002
127.462	114.8675574666667
127.566	115.08574673333335
127.67	115.24367140000001
127.773	115.55161786666667
127.876	115.81850706666667
127.98	116.09318233333335
128.083	116.33385753333333
128.186	116.54466333333335
128.289	116.7098832666667
128.393	116.9576832
128.494	117.20897086666668
128.596	117.41754833333333
128.698	117.66345493333333
128.8	117.96767466666667
128.902	118.22751786666666
129.004	118.46838033333333
129.105	118.76218986666666
129.205	119.08133686666669
129.306	119.36277893333335
129.406	119.67765593333334
129.506	119.95834459999999
129.606	120.24946786666669
129.706	120.51490313333332
129.813	120.8199864
129.913	121.11237093333332
130.019	121.33329946666665
130.125	121.5789674
130.232	121.84477453333332
130.338	122.05923833333333
130.445	122.35781373333333
130.551	122.57674606666666
130.657	122.88234613333334
130.763	123.1581224666667
130.868	123.32994320000002
130.974	123.54148566666667
131.079	123.72922
131.183	123.97296573333333
131.288	124.26478753333332
131.392	124.56452053333332
131.496	124.75339953333332
131.6	125.00116899999998
131.704	125.27054773333333
131.808	125.49737153333331
131.911	125.68002493333333
132.015	125.81051466666666
132.117	126.05480873333333
132.22	126.19114579999999
132.323	126.402389
132.425	126.70408006666666
132.527	126.84687566666666
132.63	127.0407084
132.733	127.22129613333331
132.835	127.458565
132.937	127.59712173333331
133.039	127.77763093333333
133.139	127.90184206666665
133.241	128.0577936
133.343	128.22423446666664
133.444	128.4223706
133.545	128.7159384
133.645	128.91856520000002
133.746	129.12605393333334
133.848	129.23850966666666
133.948	129.3146684666667
134.048	129.44782173333334
134.149	129.57902280000002
134.256	129.65811380000002
134.356	129.70907880000001
134.463	129.75671006666667
134.563	129.92061400000003
134.663	130.04095706666666
134.763	130.1054986
134.863	130.2016029333333
134.964	130.29253380000003
135.071	130.32712773333333
135.171	130.34260733333332
135.278	130.31589573333335
135.378	130.39025560000002
135.485	130.44947686666669
135.592	130.50915053333335
135.699	130.5883588
135.805	130.72941826666667
135.905	130.78351460000002
136.005	130.91611613333333
136.112	131.00151453333334
136.219	131.07394273333333
136.326	131.11888919999996
136.433	131.15189066666665
136.539	131.18423666666664
136.646	131.20502573333331
136.752	131.30380259999998
136.858	131.3465446
136.964	131.31856306666666
137.064	131.2359116
137.17	131.2367226
137.277	131.2307636
137.383	131.12550913333334
137.489	131.15182233333334
137.589	131.09048073333332
137.696	130.93125193333333
137.796	130.85447266666668
137.903	130.79058286666665
138.01	130.74485526666663
138.11	130.66063006666667
138.216	130.52477
138.316	130.39431046666667
138.416	130.27576533333334
138.516	130.22194213333333
138.623	130.1166164
138.723	129.9404902
138.823	129.80173440000002
138.923	129.6943526
139.023	129.4955152
139.124	129.39895806666667
139.224	129.24668606666665
139.325	129.03626546666666
139.427	128.8632807333333
139.528	128.67246733333334
139.629	128.48944866666665
139.73	128.31936000000002
139.831	128.1134392
139.932	127.97753713333333
140.035	127.76928966666668
140.136	127.6339764
140.238	127.46422266666667
140.34	127.32319633333334
140.443	127.15275146666666
140.545	126.92571133333334
140.648	126.64460360000001
140.75	126.40845453333334
140.853	126.21241320000003
140.957	125.95285260000001
141.059	125.7416654666667
141.163	125.5965720666667
141.266	125.38962513333335
141.37	125.18149493333335
141.475	124.94741526666667
141.58	124.71367073333334
141.685	124.48294746666666
141.789	124.29338926666667
141.893	124.06013233333331
141.998	123.77343713333332
142.103	123.53641986666665
142.208	123.28943426666665
142.314	123.06019313333331
142.42	122.8184503333333
142.526	122.58032313333332
142.631	122.27465033333333
142.738	121.95036746666668
142.845	121.67876086666668
142.952	121.35477093333334
143.06	121.09573293333334
143.168	120.81189393333334
143.276	120.51275033333333
143.376	120.22537046666666
143.476	119.87649393333332
143.576	119.66653446666666
143.677	119.39169246666667
143.777	119.13990426666665
143.878	118.92102713333331
143.979	118.70920806666663
144.081	118.46193439999999
144.182	118.2092496
144.284	117.9037758
144.386	117.60158666666668
144.488	117.35870786666669
144.59	117.06080540000002
144.692	116.78683893333336
144.795	116.54098940000002
144.899	116.32424186666667
145.002	116.03508006666667
145.106	115.74105746666665
145.21	115.45210726666664
145.315	115.14392446666666
145.419	114.85687953333331
145.524	114.55801406666664
145.628	114.30423166666667
145.734	114.10376293333333
145.839	113.86144413333332
145.945	113.63655353333333
146.051	113.36983986666665
146.157	113.1777398
146.264	112.954538
146.37	112.71558580000001
146.476	112.45716773333335
146.583	112.2891122
146.69	112.07031606666668
146.798	111.90429406666667
146.905	111.697696
147.013	111.48046893333334
147.121	111.34653040000002
147.225	111.18567006666667
147.333	110.96186766666666
147.437	110.82352686666667
147.537	110.5906172
147.637	110.45183526666666
147.737	110.29580779999998
147.842	110.14836193333332
147.942	110.00085586666665
148.042	109.79409640000002
148.142	109.60900826666668
148.243	109.46362373333335
148.344	109.29961326666668
148.444	109.217428
148.545	109.10427453333334
148.646	108.9856012
148.748	108.8441246
148.849	108.69334546666667
148.951	108.59254413333333
149.052	108.51174086666666
149.154	108.37958566666666
149.255	108.1804268
149.356	108.0640514
149.458	107.93958933333333
149.56	107.87511053333334
149.662	107.808935
149.764	107.7073098
149.867	107.61241246666667
149.97	107.5408834
150.072	107.42010853333333
150.175	107.30011766666667
150.277	107.22973500000002
150.38	107.14414166666668
150.483	107.03239393333335
150.586	106.96721293333334
150.688	106.92259646666668
150.791	106.88700193333334
150.894	106.80067673333332
150.997	106.76683773333333
151.1	106.72725979999998
151.203	106.63714299999998
151.307	106.60064946666668
151.41	106.5525604
151.513	106.52801419999999
151.617	106.51315753333333
151.72	106.49813379999999
151.823	106.43020186666666
151.927	106.3947142
152.028	106.3749716
152.131	106.36489613333333
152.239	106.39121199999998
152.343	106.38641906666665
152.446	106.38614526666667
152.549	106.38889640000001
152.653	106.37840153333333
152.754	106.4834228
152.857	106.55622673333332
152.96	106.60376253333334
153.064	106.53089066666665
153.167	106.59618406666665
153.27	106.581982
153.374	106.64380419999999
153.476	106.74673406666666
153.578	106.83887439999998
153.681	106.93854073333333
153.785	107.02546446666665
153.888	107.06585106666665
153.991	107.20792546666665
154.093	107.30293093333333
154.196	107.40498699999999
154.298	107.45960166666667
154.4	107.46514066666667
154.502	107.59398300000001
154.605	107.81681146666666
154.706	107.947468
154.808	108.13515326666666
154.91	108.25893733333334
155.012	108.40363280000001
155.114	108.49025746666668
155.215	108.58568013333336
155.315	108.70193320000001
155.416	108.92640553333335
155.517	109.05119313333334
155.618	109.18076826666669
155.718	109.31282173333332
155.819	109.43915759999999
155.92	109.67218393333333
156.02	109.86643393333333
156.12	109.97497019999999
156.228	110.14631686666665
156.328	110.23096653333332
156.429	110.47453420000001
156.537	110.6257222
156.637	110.8540412
156.744	111.07637566666666
156.852	111.25471746666666
156.959	111.46434666666667
157.059	111.67061433333333
157.165	111.88180146666666
157.273	112.12199179999999
157.379	112.41312273333332
157.486	112.62633639999999
157.593	112.8881524
157.698	113.16352873333332
157.804	113.37590639999999
157.91	113.66340699999999
158.016	113.85357939999999
158.121	114.08541273333331
158.226	114.3001964
158.33	114.5570364
158.434	114.83517020000001
158.538	115.06521373333332
158.642	115.31016253333334
158.746	115.61522253333332
158.85	115.89083260000001
158.954	116.06041086666666
159.057	116.28488093333334
159.16	116.507521
159.263	116.71255613333332
159.365	117.00698519999999
159.467	117.31018386666666
159.569	117.67379253333333
159.672	117.97333946666666
159.774	118.33032826666664
159.875	118.58654226666664
159.976	118.78416366666664
160.077	119.03058746666665
160.177	119.32412566666663
160.285	119.54398313333334
160.385	119.79882033333334
160.492	120.12808826666667
160.592	120.4517304
160.692	120.72860286666668
160.792	120.99186313333334
160.899	121.23361526666665
161.006	121.44069366666663
161.113	121.60214726666665
161.22	121.87354053333334
161.326	122.06428786666667
161.432	122.34291933333333
161.538	122.62087319999999
161.644	122.93764813333334
161.749	123.17557626666667
161.855	123.47219299999999
161.96	123.72275426666666
162.065	123.96591959999999
162.169	124.1568401333333
162.274	124.26475933333333
162.378	124.50546419999998
162.482	124.72868426666668
162.586	125.07343673333335
162.69	125.2283808
162.793	125.4520172
162.897	125.70839033333333
163.001	125.91792693333333
163.104	126.18840073333334
163.207	126.38212006666667
163.309	126.61357826666666
163.412	126.8014684
163.514	127.01898253333333
163.616	127.25785726666666
163.718	127.44669173333334
163.82	127.7817016
163.921	127.99112833333334
164.022	128.2067688666667
164.124	128.35297053333335
164.225	128.6885060666667
164.325	128.86735413333335
164.427	129.0474254
164.527	129.15121046666667
164.628	129.2708928
164.728	129.3693094666667
164.828	129.51411046666666
164.928	129.70944206666667
165.028	129.9390489333333
165.135	130.0598055333333
165.236	130.22852746666666
165.336	130.2783653333333
165.436	130.4399062
165.536	130.54035466666667
165.642	130.5664346
165.749	130.68679353333334
165.855	130.76803886666667
165.955	130.8397214
166.062	131.02769460000002
166.169	131.12477486666668
166.275	131.23891413333334
166.375	131.2865398666667
166.481	131.38048893333334
166.587	131.36965946666666
166.694	131.41180973333334
166.8	131.47609993333333
166.907	131.5582622
167.013	131.64812906666668
167.12	131.72437806666667
167.225	131.78600046666668
167.332	131.77907779999998
167.438	131.83063833333333
167.544	131.86447546666668
167.651	131.84182446666668
167.756	131.8962172
167.862	131.92597853333334
167.968	131.95045486666666
168.074	131.88542906666666
168.18	131.96760113333335
168.286	131.98284726666665
168.393	131.9706416
168.499	131.92217193333332
168.605	131.859627
168.711	131.81931826666667
168.818	131.74424386666666
168.923	131.64260273333335
169.029	131.5720062
169.136	131.55757853333336
169.242	131.49788073333335
169.349	131.44348906666667
169.455	131.4615584
169.555	131.32705013333333
169.662	131.21484193333333
169.769	131.02106233333333
169.875	130.8536492
169.982	130.7288158
170.089	130.5903148
170.195	130.44125313333333
170.295	130.32062820000002
170.395	130.2619814
170.495	130.10927199999998
170.596	130.0279774
170.696	129.86887386666666
170.797	129.69658493333333
170.897	129.51359226666665
170.997	129.21822179999998
171.097	129.13565773333332
171.199	129.02723633333332
171.299	128.89822746666667
171.399	128.74137926666666
171.501	128.59638213333332
171.602	128.39125893333335
171.704	128.22824806666668
171.805	128.04278913333334
171.906	127.85483786666668
172.008	127.64102153333333
172.11	127.367422
172.212	127.12412186666667
172.316	126.93331673333334
172.418	126.750128
172.52	126.53108206666666
172.623	126.2302522
172.727	125.95847986666666
172.83	125.66307626666666
172.933	125.42600346666667
173.037	125.1292784
173.141	124.89947553333334
173.245	124.61510273333333
173.35	124.26805239999997
173.455	123.96680206666666
173.56	123.80102833333333
173.665	123.51969940000001
173.771	123.18926186666666
173.877	122.92285506666667
173.983	122.61688906666667
174.089	122.37432553333333
174.196	122.08516626666666
174.302	121.78609479999999
174.409	121.48308726666666
174.517	121.1896116
174.624	120.94784720000001
174.731	120.68632080000002
174.831	120.40595473333336
174.931	120.1781818
175.031	119.87911220000001
175.132	119.53173686666668
175.232	119.28849233333335
175.333	119.09637220000003
175.434	118.7789354
175.535	118.54206093333333
175.637	118.25785479999999
175.739	118.03383013333334
175.841	117.82204826666667
175.943	117.58255926666668
176.045	117.31412960000002
176.148	117.06824686666667
176.25	116.84978586666668
176.353	116.58514233333332
176.456	116.31436953333335
176.559	116.142197
176.663	115.8747618
176.767	115.6255524
176.871	115.30999493333333
176.975	115.07610700000001
177.079	114.78884126666667
177.184	114.60573726666665
177.289	114.36620286666665
177.394	114.0893328
177.5	113.89021946666666
177.606	113.65231813333335
177.712	113.42670453333332
177.818	113.27696519999999
177.923	113.08534406666668
178.03	112.86728353333334
178.137	112.60116573333335
178.243	112.40044073333335
178.351	112.17858413333333
178.458	112.02114493333333
178.564	111.84577999999998
178.671	111.67827373333331
178.779	111.46141266666665
178.887	111.29704846666665
178.987	111.12572706666666
179.095	110.93659633333331
179.195	110.75642813333333
179.303	110.53709299999997
179.403	110.28338473333334
179.511	110.06922979999999
179.611	109.97068239999999
179.711	109.84831586666668
179.812	109.75436673333334
179.913	109.66831866666668
180.013	109.52454519999998
180.114	109.4138208
180.216	109.3004182
180.316	109.14370653333332
180.417	108.98763866666667
180.517	108.9110656
180.618	108.75238093333333
180.719	108.7288068
180.82	108.64844106666668
180.921	108.54007920000001
181.023	108.47364753333333
181.125	108.33258246666666
181.226	108.20769873333333
181.329	108.06053046666666
181.43	107.89137506666667
181.532	107.82177720000001
181.634	107.79211586666669
181.737	107.7338418
181.839	107.6582904
181.941	107.6273934
182.044	107.54610533333332
182.147	107.50510666666665
182.25	107.39274826666663
182.351	107.31524413333334
182.453	107.25833233333331
182.556	107.20319226666668
182.658	107.19921086666668
182.761	107.16177933333337
182.864	107.13149140000002
182.967	107.10973013333336
183.07	107.06032453333336
183.173	106.9468226
183.276	106.88703553333332
183.378	106.83492199999999
183.481	106.83478213333335
183.585	106.80115346666666
183.688	106.80550153333334
183.791	106.81749686666667
183.894	106.8228788
183.997	106.85744539999999
184.1	106.95925126666667
184.203	106.99546293333333
184.305	107.00870746666669
184.409	107.06381786666667
184.511	107.13391279999999
184.614	107.16083380000002
184.717	107.23071853333336
184.818	107.22438400000001
184.92	107.29785266666669
185.023	107.30975726666667
185.126	107.41595633333334
185.228	107.53411033333333
185.331	107.59137973333335
185.433	107.69513546666668
185.535	107.81956753333334
185.638	107.77226953333333
185.74	107.85250606666666
185.842	107.98359286666665
185.943	108.1184482
186.045	108.26520806666667
186.146	108.40052766666665
186.247	108.58466593333331
186.349	108.75120439999999
186.45	108.965028
186.551	109.14383719999998
186.652	109.25523286666665
186.752	109.36286746666664
186.853	109.52391226666666
186.961	109.72048146666667
187.062	109.82759633333333
187.17	110.09445060000002
187.27	110.25031486666667
187.37	110.42700233333333
187.47	110.6678464
187.57	110.89626806666665
187.677	111.1131514
187.777	111.31156999999999
187.884	111.50406807692306
187.992	111.73559
188.099	112.07036266666665
188.206	112.39211371428573
188.312	112.73352279999999
188.418	113.01920466666667
188.524	113.32547
