0.0	104.956174
0.104	105.571283
0.208	106.08503499999999
0.311	106.27246442857141
0.414	106.4663571111111
0.517	106.52662309090907
0.62	106.67816184615383
0.723	106.85246399999998
0.825	107.07738119999999
0.928	107.2416542
1.031	107.38934766666668
1.134	107.49111920000001
1.236	107.68980453333333
1.338	107.83492246666667
1.44	107.99039586666667
1.541	108.15947746666666
1.643	108.28590446666666
1.745	108.46350666666666
1.846	108.79172953333334
1.946	109.06747719999998
2.047	109.27473753333334
2.148	109.49828086666665
2.248	109.66985833333332
2.349	109.84147913333332
2.449	110.09376706666667
2.557	110.37919660000001
2.665	110.6819944
2.773	110.89735373333335
2.881	111.14164173333333
2.989	111.41445320000003
3.089	111.68861426666668
3.196	112.05411333333335
3.302	112.31000926666667
3.409	112.58746006666668
3.515	112.84272319999998
3.621	113.09193513333334
3.727	113.42641159999998
3.833	113.738536
3.938	114.07508666666666
4.043	114.38937613333334
4.147	114.68242813333333
4.251	115.00024200000001
4.356	115.27170126666667
4.459	115.5063884
4.563	115.69574300000001
4.667	115.88523933333333
4.77	116.01102859999997
4.872	116.224073
4.974	116.31494479999999
5.077	116.42465713333331
5.18	116.54171426666667
5.283	116.57480653333332
5.386	116.67958726666666
5.489	116.7055934
5.592	116.65989493333333
5.695	116.61757073333332
5.798	116.47571866666665
5.901	116.415433
6.003	116.386923
6.106	116.39313259999999
6.209	116.38302633333333
6.313	116.26643646666666
6.416	116.16745953333334
6.519	116.10535726666667
6.623	115.98338573333334
6.727	115.90598846666666
6.83	115.8462526
6.933	115.64524406666666
7.038	115.62028473333334
7.141	115.56177653333333
7.245	115.43904546666666
7.35	115.32105460000001
7.454	115.22898273333332
7.557	115.08795413333333
7.662	115.04114973333334
7.766	114.83746926666666
7.87	114.70712813333333
7.975	114.58416433333333
8.08	114.48188026666666
8.185	114.34482019999999
8.291	114.1676398
8.395	113.9601438
8.5	113.92848166666666
8.607	113.70071686666665
8.712	113.48319226666666
8.817	113.29660246666666
8.924	113.14483233333334
9.03	112.90966066666665
9.137	112.78518626666666
9.242	112.51294113333333
9.349	112.37984200000001
9.456	112.22595480000001
9.564	111.97799626666668
9.671	111.7233446
9.779	111.4791366
9.887	111.29301806666669
9.994	111.10415480000002
10.102	110.8241796
10.202	110.65959293333331
10.302	110.50396573333333
10.411	110.34078146666664
10.511	110.12935993333332
10.611	109.98551046666667
10.712	109.72834999999999
10.812	109.49720306666664
10.912	109.27921126666665
11.013	109.11782293333331
11.113	108.89955159999998
11.215	108.76780726666662
11.316	108.61105666666664
11.418	108.42780793333331
11.52	108.18641419999997
11.621	107.90729886666666
11.723	107.58741446666666
11.826	107.31245840000001
11.928	107.04806293333336
12.031	106.79268873333336
12.133	106.49342033333333
12.237	106.27165313333334
12.341	106.01650146666671
12.446	105.74705966666667
12.55	105.512258
12.655	105.26386933333333
12.76	104.97426893333333
12.865	104.72862206666667
12.97	104.41168966666667
13.076	104.16797386666667
13.182	103.97723133333334
13.287	103.76472266666666
13.394	103.52821413333332
13.5	103.23724733333334
13.606	102.97185133333336
13.714	102.67823806666667
13.821	102.39147039999997
13.928	102.13775006666667
14.036	101.89352833333332
14.144	101.56100865333333
14.253	101.31877445999999
14.353	100.98515705999999
14.462	100.71755697333333
14.562	100.50406646666666
14.662	100.30121478666666
14.762	100.12027906666667
14.862	99.91481959333332
14.962	99.74454458666668
15.064	99.64684461999998
15.165	99.54785212666665
15.265	99.52531082666668
15.366	99.49265945333333
15.466	99.43151432666669
15.567	99.38167693333334
15.668	99.34791623333334
15.769	99.35793392666666
15.869	99.43331650666667
15.97	99.50197399333335
16.07	99.54418758
16.171	99.56031153333332
16.271	99.60840078666664
16.372	99.72648885999999
16.472	99.77080199999999
16.572	99.8382559
16.672	99.91579245999999
16.772	99.95517009333334
16.873	100.0131622
16.982	100.06154879333332
17.091	100.15920458666666
17.191	100.30712443333333
17.291	100.39686126666668
17.391	100.44438188666668
17.5	100.56038335333332
17.6	100.66535160666668
17.7	100.80517366666666
17.808	100.91121986666667
17.917	100.98975833333334
18.026	101.1296354
18.135	101.24618926666666
18.243	101.35846319999999
18.351	101.47405586666667
18.459	101.6072496
18.567	101.81219793333335
18.675	101.94473059999999
18.783	102.11360766666665
18.891	102.25350066666665
18.999	102.45880206666665
19.106	102.61203993333332
19.213	102.79601079999999
19.32	102.90878906666666
19.427	103.11094246666667
19.533	103.26257846666665
19.639	103.38611813333334
19.745	103.5245854
19.851	103.69135020000002
19.957	103.93344040000002
20.063	104.1103474666667
20.168	104.30885500000001
20.273	104.44455693333333
20.379	104.59189306666667
20.485	104.7764134
20.59	104.94715193333332
20.694	105.10691539999999
20.798	105.24502246666665
20.902	105.43860373333334
21.007	105.53244693333333
21.111	105.80239733333335
21.214	106.04875366666666
21.318	106.2495792
21.421	106.44061566666667
21.524	106.65306906666667
21.628	106.88400566666668
21.731	107.08083086666667
21.833	107.30660440000001
21.935	107.5078434
22.038	107.74821793333332
22.14	107.95656199999999
22.241	108.17342619999998
22.342	108.43553299999999
22.443	108.75898186666667
22.544	109.09916446666666
22.645	109.25724993333333
22.746	109.471593
22.846	109.86190306666666
22.946	110.19702213333332
23.046	110.37979433333332
23.154	110.6552382
23.262	110.9198566
23.37	111.23935786666667
23.47	111.52689406666667
23.576	111.80068313333332
23.682	112.13762479999998
23.79	112.52475613333333
23.896	112.83033333333333
24.002	113.05231833333333
24.108	113.26869866666668
24.214	113.6417026
24.32	113.99542513333334
24.424	114.19132906666667
24.528	114.47698713333335
24.633	114.78894893333336
24.738	115.01440733333335
24.842	115.17859953333333
24.945	115.36887119999999
25.049	115.5910988
25.152	115.84720173333334
25.255	115.9502034
25.358	116.03072173333335
25.461	116.14256580000001
25.565	116.23703826666669
25.669	116.35348866666668
25.771	116.2807456
25.873	116.25923726666666
25.977	116.29065486666666
26.08	116.2341469333333
26.183	116.16940113333332
26.286	116.1104851333333
26.389	116.16071313333329
26.493	116.06157933333331
26.597	115.96949839999998
26.7	115.78648813333332
26.804	115.75752860000001
26.908	115.6585626
27.012	115.60327466666668
27.115	115.48105353333334
27.219	115.3553308
27.324	115.30497053333333
27.428	115.2301856
27.532	115.09063473333332
27.636	114.96689699999999
27.74	114.8131786
27.845	114.6642942
27.95	114.51359253333334
28.054	114.46493506666665
28.159	114.37861606666665
28.264	114.24476239999998
28.369	114.0717732
28.475	113.84935366666666
28.581	113.63845799999999
28.687	113.54078906666665
28.792	113.35715546666667
28.897	113.23670486666668
29.004	113.0378056666667
29.11	112.93527193333335
29.217	112.75727286666668
29.324	112.67468313333333
29.43	112.59785226666668
29.538	112.43511026666667
29.644	112.16429686666667
29.752	111.90410066666668
29.858	111.74680053333334
29.966	111.58729613333334
30.073	111.42142553333332
30.18	111.26276173333332
30.288	111.13381466666665
30.388	110.99949733333331
30.488	110.7259174
30.596	110.55513753333331
30.696	110.29527833333333
30.796	110.07206259999998
30.896	109.86587266666668
30.996	109.62803373333333
31.096	109.40286553333333
31.197	109.29958066666664
31.298	109.09978053333332
31.399	108.87409339999999
31.501	108.5971934
31.602	108.44111886666664
31.703	108.23911673333335
31.805	107.9495566
31.907	107.68555540000001
32.009	107.51910753333333
32.112	107.29164973333333
32.215	107.02625013333333
32.318	106.84895053333334
32.421	106.5645872
32.524	106.32240553333334
32.628	106.13425833333334
32.732	105.83246260000001
32.836	105.5755918
32.941	105.38768993333333
33.045	105.17542666666668
33.15	104.86440293333334
33.255	104.5878986
33.36	104.32878206666669
33.466	104.12510053333335
33.572	103.87686379999998
33.678	103.61483719999998
33.784	103.333646
33.892	103.04002686666666
33.999	102.78491639999999
34.106	102.4934894
34.213	102.20953793333335
34.32	101.92114199333334
34.429	101.67959241333332
34.538	101.3467830266667
34.647	101.10869495333336
34.756	100.89945351333336
34.856	100.66967957333334
34.964	100.47911876666667
35.065	100.28889883333333
35.165	100.09660816666666
35.266	99.94968169999999
35.366	99.85866951333333
35.467	99.74587094666666
35.568	99.71832601333334
35.668	99.67712656
35.768	99.56822314666667
35.869	99.53250892000003
35.969	99.55439735333334
36.07	99.56328098666668
36.17	99.62085512666667
36.27	99.66779470000002
36.37	99.72580910666669
36.471	99.75580138000001
36.572	99.83018911333333
36.672	99.85829828666668
36.773	99.86995093333334
36.882	99.92634712
36.982	100.05403682
37.082	100.09279155333334
37.182	100.18266814
37.29	100.30912575333333
37.391	100.44546378666669
37.491	100.51706740000003
37.591	100.65135822000002
37.699	100.72395448666667
37.808	100.82778595333333
37.917	100.92086795333331
38.026	101.08666281999999
38.135	101.11862428666667
38.244	101.28673871333334
38.352	101.45956846666667
38.46	101.56792753333335
38.568	101.66702586666666
38.677	101.73589646666667
38.784	101.88837166666667
38.892	101.99770320000002
39.0	102.1430062
39.107	102.32681760000001
39.215	102.49529513333333
39.322	102.63877966666668
39.43	102.85566399999999
39.537	103.05451106666665
39.643	103.1313964
39.75	103.27293046666666
39.856	103.42296779999998
39.962	103.59221273333334
40.068	103.8291402
40.173	104.01522213333331
40.278	104.24224726666667
40.384	104.37380406666666
40.49	104.56510239999999
40.595	104.79720906666667
40.7	104.93762986666667
40.804	105.08637493333335
40.909	105.29574346666668
41.013	105.44661326666667
41.118	105.62860253333335
41.221	105.90495126666669
41.325	106.20974493333334
41.429	106.42691873333335
41.532	106.64488006666667
41.635	106.85610473333332
41.738	107.07442006666666
41.84	107.27165020000002
41.942	107.488034
42.044	107.74258793333335
42.146	107.920014
42.247	108.19383626666668
42.349	108.43761486666666
42.45	108.6199944
42.551	108.83724146666665
42.653	109.09058153333332
42.753	109.29706039999998
42.854	109.49392006666667
42.954	109.78262066666667
43.054	110.02498840000001
43.154	110.3215338
43.254	110.55852340000001
43.362	110.88116106666668
43.47	111.19987266666668
43.578	111.42888933333334
43.685	111.78374693333332
43.792	112.01814593333334
43.898	112.30013020000001
44.005	112.6955106
44.111	112.98817586666668
44.217	113.23760513333333
44.323	113.53092760000001
44.428	113.87288360000001
44.534	114.13510873333333
44.639	114.46393693333334
44.743	114.69033386666668
44.847	115.02241826666668
44.951	115.3238932666667
45.055	115.5376190666667
45.159	115.81605040000002
45.262	115.98468186666669
45.365	116.24407100000002
45.468	116.40955526666669
45.57	116.48227113333333
45.672	116.62669006666668
45.775	116.76495386666666
45.877	116.84597486666665
45.98	116.87017459999998
46.082	116.90236220000001
46.185	116.84258733333334
46.288	116.76688386666666
46.391	116.695836
46.493	116.5449178
46.596	116.47046793333331
46.699	116.37274259999998
46.802	116.23888859999998
46.905	116.14558713333331
47.009	116.10884979999999
47.113	116.04631099999999
47.217	115.90790046666667
47.321	115.77640026666668
47.424	115.71770693333335
47.528	115.53941040000001
47.632	115.40873146666668
47.735	115.38681133333334
47.839	115.34241313333334
47.943	115.22687753333334
48.048	115.17245393333334
48.151	115.08736599999999
48.257	114.996924
48.361	114.90149886666664
48.465	114.73913266666666
48.57	114.54458606666667
48.675	114.42716426666668
48.78	114.29676880000001
48.885	114.12224733333333
48.99	113.916813
49.095	113.80534033333333
49.201	113.63218093333333
49.307	113.43916446666667
49.412	113.26553840000001
49.518	113.12339553333332
49.625	112.91366939999999
49.732	112.6350192
49.838	112.44538226666666
49.946	112.29661406666668
50.052	112.05929973333333
50.159	111.88134453333333
50.266	111.66071559999999
50.374	111.47651393333334
50.474	111.3511018
50.581	111.19980873333333
50.689	110.9785434
50.789	110.76700386666668
50.889	110.55035293333334
50.997	110.36685653333332
51.097	110.09666186666666
51.205	109.8917426
51.305	109.778236
51.406	109.5202192
51.507	109.26917493333335
51.608	109.08310066666668
51.708	108.88344226666666
51.81	108.62574046666666
51.911	108.41885459999999
52.013	108.1521341333333
52.115	107.86686593333334
52.217	107.70237780000001
52.32	107.51616499999999
52.422	107.243658
52.525	106.98819893333332
52.628	106.78308433333332
52.731	106.50853273333333
52.835	106.27731499999999
52.938	106.03134433333331
53.042	105.78967266666665
53.146	105.59320113333332
53.251	105.33626260000001
53.355	105.15269766666668
53.461	104.91637846666669
53.566	104.71091360000001
53.671	104.43652533333334
53.777	104.15851653333334
53.883	103.89294106666668
53.989	103.62016886666669
54.094	103.38389913333336
54.201	103.10769546666668
54.307	102.83654626666667
54.415	102.56796086666667
54.522	102.35715413333334
54.63	102.08964993333333
54.739	101.77158953333334
54.847	101.5363764666667
54.956	101.2118649466667
55.065	100.96471318666667
55.165	100.68312161333333
55.274	100.50395018666667
55.384	100.34325444666666
55.484	100.17614513333332
55.584	100.07148955333332
55.685	99.93446715333332
55.785	99.86119533999998
55.886	99.84057153333332
55.987	99.76847687333334
56.087	99.68201356666667
56.187	99.68638983333337
56.287	99.73628823333337
56.387	99.74745096666668
56.488	99.77403678
56.588	99.83144967333332
56.688	99.88417131333333
56.788	99.97808720666667
56.888	99.94666240666668
56.988	99.95500197333334
57.088	100.01835768666668
57.188	100.08560015333335
57.288	100.14395236666668
57.388	100.25249337333334
57.497	100.36000716666666
57.597	100.48459393999998
57.698	100.55783067333333
57.807	100.62653180666666
57.916	100.74828540666665
58.025	100.90890931333334
58.134	100.98148851333333
58.242	101.06512077999999
58.351	101.14439457999998
58.459	101.31858778666667
58.568	101.49229559999999
58.676	101.60885306666667
58.783	101.70583406666667
58.892	101.82841526666667
59.0	101.91054819999998
59.108	102.01958653333331
59.216	102.12345959999999
59.323	102.23917406666666
59.431	102.39343573333333
59.538	102.52760813333335
59.646	102.67364206666666
59.753	102.8070132
59.859	103.03218393333333
59.966	103.239712
60.073	103.43627906666666
60.179	103.59817826666666
60.285	103.77213853333333
60.391	104.03559433333332
60.497	104.24217580000001
60.602	104.41505906666666
60.706	104.61457453333333
60.811	104.78908973333334
60.916	104.94834186666667
61.021	105.10064373333333
61.124	105.30096106666664
61.229	105.47627753333333
61.333	105.67905879999998
61.437	105.8688552
61.541	106.12525780000001
61.645	106.30125260000001
61.749	106.58814659999999
61.852	106.85368679999998
61.955	106.99411833333332
62.058	107.17483986666666
62.16	107.46583506666664
62.261	107.66006779999998
62.363	107.90077086666665
62.464	108.16173819999997
62.565	108.45967686666667
62.667	108.66344720000001
62.768	108.89005373333335
62.869	109.16696160000001
62.97	109.42038406666666
63.07	109.56105480000001
63.171	109.86870993333334
63.271	110.10080233333332
63.371	110.37391006666665
63.479	110.6631296
63.588	110.93644353333335
63.695	111.18554526666667
63.795	111.54147540000001
63.901	111.81979220000001
64.008	112.11473133333334
64.114	112.38646826666668
64.221	112.66440246666667
64.327	113.03284073333334
64.433	113.36041813333334
64.538	113.62280146666667
64.644	113.89331933333332
64.749	114.19311506666665
64.854	114.50232633333331
64.959	114.73049746666666
65.063	115.0228904
65.167	115.27730793333332
65.271	115.5372696
65.375	115.69924266666666
65.478	115.92088600000002
65.58	116.13042620000002
65.683	116.28685986666667
65.786	116.47672386666667
65.889	116.53978913333336
65.991	116.6400594
66.094	116.78143013333332
66.197	116.95725339999998
66.3	116.94975833333334
66.402	116.86706526666667
66.505	116.90952566666665
66.608	116.82371119999999
66.71	116.82709380000001
66.812	116.77175093333335
66.914	116.73419026666667
67.017	116.6420702
67.12	116.56593360000001
67.223	116.51554566666665
67.327	116.42931046666666
67.43	116.36803166666665
67.533	116.19117493333333
67.636	116.04574426666665
67.74	115.90157626666665
67.844	115.77888126666666
67.947	115.73161939999999
68.051	115.59119879999999
68.155	115.4897046
68.259	115.34806299999998
68.363	115.25717706666666
68.467	115.14256746666668
68.572	115.08630986666668
68.676	114.94228386666667
68.78	114.76103413333333
68.885	114.60694779999999
68.99	114.41799359999999
69.094	114.31398686666665
69.199	114.1530873333333
69.304	113.98537153333332
69.41	113.87993253333335
69.516	113.74454046666668
69.621	113.5725814
69.728	113.45924080000002
69.834	113.30057846666668
69.94	113.08727533333334
70.046	112.8473558
70.152	112.63603493333332
70.258	112.4865956
70.365	112.32107119999998
70.472	112.14413153333332
70.579	111.97089559999999
70.686	111.74081473333334
70.794	111.5730448
70.902	111.41012233333335
71.01	111.1161658
71.118	110.86348533333333
71.218	110.6412624
71.326	110.38697479999999
71.427	110.16200759999998
71.535	109.88138473333332
71.635	109.75959859999998
71.736	109.61067366666664
71.837	109.35548719999997
71.937	109.15771406666664
72.039	108.94427553333331
72.14	108.77709253333332
72.242	108.60463959999998
72.343	108.3872374
72.444	108.13864386666665
72.546	107.93815626666667
72.648	107.78105506666667
72.75	107.578133
72.852	107.31899586666667
72.955	107.1086842
73.058	106.92393166666666
73.161	106.63008053333333
73.265	106.2948938
73.368	106.0740254
73.471	105.86829486666667
73.576	105.62586133333333
73.681	105.34796179999998
73.785	105.13984693333332
73.891	104.84879679999999
73.996	104.5649422
74.102	104.32988200000001
74.207	104.00661386666667
74.313	103.69968753333335
74.419	103.49225126666667
74.525	103.21010713333334
74.632	102.97476259999999
74.739	102.71209506666668
74.847	102.48804720000001
74.954	102.18650191333334
75.063	101.88519131333335
75.171	101.62462591333336
75.279	101.39224478000003
75.388	101.06956893333336
75.497	100.86068599333333
75.597	100.67232036666668
75.697	100.56582010000001
75.797	100.42649209999999
75.897	100.31169295333333
76.006	100.19541208666666
76.107	100.12798228666666
76.208	100.05950182
76.308	100.02399322000001
76.417	100.03547775333332
76.517	100.03488167333335
76.617	100.04312427333335
76.717	100.08724087333333
76.817	100.13541547333332
76.917	100.25230491999999
77.017	100.33957939333331
77.126	100.40173288666665
77.226	100.44773202
77.326	100.53107682
77.435	100.60729703333335
77.544	100.6613115
77.653	100.75791690000001
77.762	100.8166893
77.862	100.90084343333336
77.97	100.95898896666668
78.079	101.08563813333333
78.188	101.26610960000001
78.297	101.3620248
78.405	101.43381046666667
78.514	101.56309146666666
78.622	101.69545033333333
78.73	101.87360466666665
78.839	101.99292340000002
78.945	102.11839433333334
79.053	102.25170453333335
79.161	102.40710766666668
79.268	102.54357226666666
79.375	102.74432346666667
79.481	102.90312293333334
79.588	103.0393478
79.694	103.17805366666667
79.801	103.28613393333333
79.908	103.46334346666666
80.014	103.68672273333333
80.12	103.78988053333333
80.226	103.92169299999999
80.332	104.05429720000001
80.438	104.17516146666667
80.543	104.30806540000002
80.648	104.4811358
80.752	104.6014464
80.858	104.79434613333333
80.963	104.93609199999999
81.067	105.11418113333333
81.172	105.30589266666667
81.276	105.4879232
81.381	105.62303626666669
81.485	105.7575888666667
81.589	105.87522366666668
81.692	106.08034266666667
81.795	106.29844959999998
81.899	106.45658146666666
82.002	106.6573548
82.105	106.8436735333333
82.208	107.08017793333332
82.311	107.26441159999999
82.413	107.49232633333332
82.515	107.71532153333331
82.617	107.98685453333333
82.719	108.16174253333331
82.821	108.43896666666664
82.922	108.68376006666666
83.024	108.97632373333333
83.124	109.22554273333331
83.224	109.46921866666668
83.324	109.73888373333334
83.424	110.07996633333333
83.524	110.36477960000002
83.633	110.65170386666668
83.74	110.8957042
83.84	111.2488192
83.948	111.4812456666667
84.055	111.70089540000002
84.161	111.94652413333337
84.268	112.26670573333335
84.375	112.54530380000001
84.481	112.88020060000001
84.587	113.19772126666666
84.693	113.52049033333333
84.799	113.83322773333335
84.905	114.11900546666668
85.01	114.36997273333334
85.114	114.72940733333333
85.218	115.04013939999999
85.322	115.40150973333333
85.425	115.68360226666665
85.529	115.89299359999998
85.632	116.16064639999998
85.735	116.39409446666666
85.837	116.60741346666667
85.94	116.77652093333334
86.041	116.93200759999999
86.144	117.00687906666667
86.247	117.1194804
86.349	117.18730086666667
86.451	117.18835593333334
86.553	117.21053333333333
86.656	117.19678266666666
86.758	117.19427379999999
86.86	117.14735519999999
86.962	117.1334616
87.065	117.08846833333334
87.168	116.96330873333333
87.271	116.89173973333332
87.373	116.86759186666667
87.476	116.75141466666666
87.578	116.6333792
87.68	116.52379459999999
87.784	116.43503786666666
87.888	116.41468773333334
87.991	116.4000296
88.094	116.33708240000001
88.198	116.23184686666667
88.301	116.08587673333334
88.405	115.90497813333334
88.508	115.79262766666666
88.611	115.7587052
88.715	115.72619446666667
88.818	115.63115333333334
88.922	115.45226166666666
89.026	115.2780232
89.131	115.09340253333336
89.235	114.9755448666667
89.339	114.84886913333335
89.444	114.6517830666667
89.548	114.45916060000003
89.653	114.33662840000002
89.759	114.16020206666666
89.865	114.03068013333333
89.971	113.94326133333334
90.076	113.7124938
90.181	113.49323266666666
90.287	113.33591526666666
90.392	113.16072313333333
90.498	113.02361220000002
90.605	112.92170000000003
90.711	112.75820266666669
90.818	112.58369940000001
90.925	112.40490026666667
91.032	112.21463693333334
91.138	111.99204073333333
91.245	111.70393673333332
91.353	111.44185893333332
91.462	111.23787313333332
91.569	111.05251573333334
91.677	110.87804653333336
91.777	110.68006533333336
91.886	110.44163713333334
91.986	110.15463300000002
92.086	109.92642286666666
92.187	109.75903046666667
92.295	109.5663384
92.396	109.35892673333333
92.497	109.10437979999999
92.598	108.87352126666666
92.699	108.71434053333333
92.801	108.51439006666666
92.902	108.32053786666668
93.004	108.11196840000002
93.106	107.81703386666668
93.208	107.52039373333335
93.31	107.32968393333334
93.413	107.10929146666668
93.516	106.83709726666665
93.619	106.54157486666668
93.722	106.19401026666667
93.826	105.92921486666667
93.931	105.63950460000001
94.034	105.35828586666666
94.138	105.1181635333333
94.244	104.80676899999999
94.35	104.55939706666666
94.456	104.25294760000001
94.562	103.96861026666667
94.668	103.71459486666667
94.774	103.50461533333332
94.88	103.17698986666666
94.987	102.8858438
95.094	102.68177206666665
95.202	102.41250486666668
95.309	102.17707606666667
95.417	101.9693132
95.525	101.77070286666668
95.634	101.5596122
95.742	101.28574113333333
95.851	101.10656813333331
95.951	100.93060833333332
96.051	100.83269126666664
96.16	100.73049466666664
96.269	100.56949360666664
96.369	100.45321993999998
96.469	100.39960147333333
96.569	100.39088154
96.669	100.36459927333334
96.778	100.39828940666666
96.887	100.42155560666667
96.988	100.44816614
97.088	100.51308900666665
97.197	100.57477840666667
97.306	100.70227814
97.415	100.73623027333333
97.524	100.81443220666665
97.624	100.86690840666665
97.733	100.95573307333332
97.841	101.06983093333332
97.95	101.16552366666666
98.058	101.29079613333333
98.167	101.34282946666666
98.275	101.48561306666666
98.384	101.5916714
98.492	101.69849973333334
98.6	101.7915046
98.709	101.84965433333335
98.816	101.93794726666667
98.924	102.02959086666667
99.031	102.18245893333334
99.139	102.28524326666665
99.246	102.41536826666668
99.354	102.52748546666666
99.461	102.64795066666667
99.568	102.81755700000002
99.675	102.93792080000001
99.782	103.11807800000003
99.889	103.18853213333335
99.995	103.2682832
100.101	103.377591
100.208	103.51471079999997
100.313	103.6496646
100.419	103.82332666666666
100.524	103.92460846666667
100.63	104.09093726666667
100.736	104.26124133333333
100.843	104.35858373333333
100.948	104.55742773333333
101.053	104.75812786666665
101.158	104.8773166
101.263	105.06631519999999
101.367	105.30638873333332
101.471	105.52873413333334
101.576	105.77713580000001
101.679	106.00322853333336
101.783	106.19923653333333
101.887	106.38733553333333
101.99	106.59465286666666
102.091	106.8764654
102.194	107.06589386666668
102.297	107.2489794
102.399	107.53092453333333
102.502	107.64652906666667
102.604	107.83706893333334
102.706	108.0670778
102.807	108.21096446666667
102.908	108.33618433333335
103.01	108.53719893333333
103.111	108.77080273333334
103.212	109.03446273333333
103.313	109.28750346666668
103.414	109.58588533333335
103.514	109.79812706666668
103.615	110.03350946666667
103.723	110.3425028
103.823	110.67356833333335
103.931	110.92917293333335
104.039	111.24182886666668
104.146	111.48270733333334
104.254	111.81569913333334
104.361	112.12586726666667
104.467	112.40317700000001
104.573	112.63282953333334
104.679	112.9103922
104.785	113.22903213333333
104.891	113.48182673333334
104.996	113.69961846666666
105.102	113.97733199999999
105.207	114.2813564
105.313	114.55150766666667
105.417	114.82130353333332
105.521	115.1568258
105.625	115.43908019999999
105.729	115.74061373333333
105.833	115.99674686666668
105.936	116.2933916
106.038	116.50019613333333
106.14	116.77354066666666
106.242	116.96501300000001
106.345	117.0916032
106.447	117.19667206666666
106.548	117.4077624
106.65	117.57308166666665
106.752	117.56069600000001
106.854	117.5715982
106.956	117.57420453333334
107.058	117.5752054
107.161	117.53280593333334
107.262	117.4878268
107.364	117.4482254
107.467	117.39580380000001
107.569	117.34570833333332
107.671	117.28452253333333
107.773	117.199514
107.876	117.04522166666668
107.979	117.02056340000003
108.081	116.88489973333334
108.183	116.72076686666668
108.286	116.6981396
108.389	116.6506408
108.492	116.49345960000001
108.596	116.34442646666668
108.699	116.25157659999999
108.802	116.16647966666666
108.906	115.97685933333332
109.009	115.83026153333336
109.112	115.696319
109.217	115.48222193333335
109.321	115.3045388
109.424	115.22449606666667
109.528	115.04848773333333
109.633	114.8834432
109.737	114.77133493333332
109.842	114.65156013333333
109.948	114.41403453333334
110.053	114.2801342
110.158	114.09666360000001
110.264	113.91688646666668
110.369	113.69649833333337
110.474	113.49516453333335
110.579	113.29367033333334
110.686	113.10867586666667
110.792	112.92648313333332
110.898	112.73367019999999
111.005	112.51955646666666
111.112	112.33424013333332
111.219	112.1221992
111.326	111.9238536
111.434	111.67436306666667
111.542	111.41835686666667
111.65	111.21928426666668
111.758	111.01341846666669
111.866	110.87946740000002
111.966	110.68253120000003
112.074	110.53997566666668
112.182	110.3349056
112.283	110.13107506666667
112.383	109.94561580000001
112.483	109.78384786666669
112.592	109.59112000000002
112.692	109.34984080000001
112.793	109.16368253333333
112.894	108.90846206666667
112.995	108.66429913333333
113.097	108.55654426666668
113.198	108.31584393333334
113.3	108.09435060000003
113.402	107.82901186666669
113.504	107.61721660000003
113.607	107.37153293333337
113.71	107.11524513333335
113.812	106.86784000000002
113.915	106.67340620000002
114.019	106.42427253333334
114.122	106.17936766666666
114.226	106.02112839999998
114.33	105.793421
114.434	105.52928773333333
114.539	105.29675933333333
114.644	105.0001276
114.748	104.80086246666666
114.854	104.57183286666667
114.959	104.3140442
115.064	104.01069226666667
115.171	103.67781240000001
115.277	103.40858920000001
115.384	103.17429613333334
115.49	102.83296866666667
115.597	102.49660962666667
115.704	102.23298489333334
115.812	101.97068189333332
115.921	101.70178722666665
116.03	101.52868002666665
116.139	101.30054195999999
116.248	101.11480782666668
116.349	100.8768234
116.458	100.7687660666667
116.567	100.60302280000002
116.667	100.56321640000003
116.776	100.5674668666667
116.876	100.52601386666669
116.976	100.52738386666668
117.076	100.61632446666667
117.185	100.70342177333333
117.294	100.77441524
117.403	100.76830370666667
117.512	100.77759950666669
117.612	100.85104804000001
117.72	100.94102257333334
117.828	101.03595517333333
117.937	101.14660840000002
118.046	101.23472753333334
118.155	101.38344566666666
118.264	101.44998846666667
118.372	101.55567213333333
118.481	101.65357906666667
118.589	101.74338953333333
118.697	101.82801139999998
118.804	101.91816419999999
118.912	101.98876379999999
119.02	102.14805673333333
119.127	102.2942326
119.235	102.435689
119.342	102.5760592
119.449	102.66493086666667
119.556	102.82071526666665
119.663	102.92907033333333
119.77	103.06815659999998
119.877	103.20376906666665
119.983	103.29580286666666
120.089	103.42450173333332
120.196	103.55982379999999
120.302	103.732962
120.408	103.90809606666667
120.513	104.08838479999999
120.618	104.23101493333333
120.724	104.3994479333333
120.83	104.50798179999997
120.935	104.63459226666664
121.04	104.83194639999996
121.144	105.00909339999998
121.249	105.15840926666665
121.353	105.26620133333333
121.458	105.47269593333334
121.562	105.73794673333333
121.666	105.94932880000002
121.77	106.12844820000001
121.873	106.29609546666666
121.977	106.4782622
122.08	106.60791733333332
122.183	106.78746913333333
122.285	107.02824460000001
122.388	107.24541446666666
122.49	107.49370886666665
122.592	107.73972619999999
122.694	107.90510373333333
122.797	108.08535619999999
122.898	108.2889802
122.999	108.44591773333333
123.101	108.64671219999998
123.201	108.90609273333331
123.302	109.13183553333332
123.403	109.35069106666666
123.503	109.56367379999999
123.604	109.87210906666665
123.705	110.12314613333334
123.813	110.41304386666667
123.921	110.60431166666666
124.029	110.86810293333333
124.137	111.13483986666667
124.245	111.46246393333334
124.352	111.70538373333332
124.46	111.97603293333334
124.566	112.31383646666667
124.673	112.5768978
124.779	112.82480460000001
124.885	113.1270974
124.99	113.47469633333334
125.097	113.79765353333332
125.202	114.06900506666666
125.307	114.37161906666667
125.412	114.63683820000001
125.516	114.99176726666668
125.62	115.28016106666668
125.724	115.55390600000001
125.827	115.81831666666668
125.931	116.1684428
126.034	116.41615506666668
126.136	116.60044933333332
126.239	116.77195393333334
126.341	116.99425446666666
126.443	117.22883906666667
126.545	117.33993513333333
126.646	117.4796234
126.749	117.61552386666666
126.851	117.67002906666667
126.953	117.72178406666666
127.055	117.71587726666665
127.156	117.76279399999999
127.258	117.76618579999999
127.359	117.71271299999997
127.461	117.64575506666664
127.563	117.62658186666664
127.665	117.60649959999999
127.768	117.59771613333332
127.87	117.47702679999999
127.971	117.37771319999999
128.074	117.31860719999999
128.176	117.23971913333331
128.279	117.1839665333333
128.382	117.11578373333333
128.484	117.04849893333333
128.587	117.03437320000003
128.689	116.88586993333335
128.792	116.72904060000002
128.895	116.64472453333335
128.997	116.48232520000002
129.1	116.40849646666669
129.203	116.30134480000001
129.306	116.2206224
129.41	116.15569206666667
129.513	116.0146586
129.617	115.84452119999999
129.722	115.65835126666667
129.825	115.46333806666667
129.929	115.35425086666669
130.033	115.20322379999999
130.137	114.98058993333332
130.241	114.8864072
130.346	114.73543306666666
130.451	114.62365006666666
130.556	114.56734353333331
130.661	114.32652053333331
130.765	114.16165693333332
130.872	113.92708939999999
130.976	113.71093939999999
131.082	113.48008473333334
131.187	113.2610728
131.293	113.04865853333332
131.4	112.86218066666667
131.506	112.62260673333334
131.613	112.37686966666665
131.72	112.19634399999998
131.827	111.93814866666665
131.935	111.7853014
132.043	111.54216319999999
132.151	111.264772
132.259	111.05421693333332
132.367	110.87183093333336
132.467	110.62893393333333
132.575	110.43674526666665
132.675	110.22612206666666
132.783	110.03621960000001
132.884	109.87296433333334
132.984	109.59870553333333
133.084	109.35306046666666
133.186	109.16768933333334
133.286	108.92302586666668
133.387	108.73492413333335
133.489	108.50122373333336
133.59	108.25753440000003
133.693	108.07767893333336
133.795	107.87834493333337
133.897	107.63783873333337
134.0	107.4276582666667
134.102	107.18380473333333
134.205	106.95414713333336
134.307	106.71825620000003
134.41	106.46994120000001
134.514	106.28856859999999
134.617	106.0460846
134.722	105.75251173333336
134.826	105.52501046666667
134.93	105.19208366666668
135.035	104.88186920000003
135.14	104.63193726666668
135.245	104.35779733333335
135.352	104.10055533333333
135.457	103.7514882
135.564	103.45462246666666
135.671	103.14386760000001
135.778	102.85562700000001
135.885	102.59567480000003
135.992	102.30712940000004
136.099	102.04989660000003
136.208	101.82444793333336
136.317	101.61653313333333
136.426	101.40388813333333
136.535	101.26574799999999
136.644	101.13557726666666
136.753	100.96049773333333
136.862	100.82811233333334
136.962	100.76917106666669
137.071	100.70876246666667
137.171	100.66324000000002
137.28	100.66169553333334
137.38	100.71980400000001
137.489	100.76090293333336
137.598	100.77202000000001
137.707	100.83259086666666
137.816	100.89634060000002
137.916	101.0451996
138.025	101.143412
138.133	101.22239673333334
138.241	101.28666019999999
138.341	101.3799656
138.449	101.45166606666668
138.558	101.51339146666666
138.665	101.63594226666667
138.773	101.75438893333333
138.881	101.86086253333333
138.989	101.93124013333333
139.097	102.07093579999999
139.205	102.31305873333334
139.312	102.4385768
139.42	102.57601026666667
139.528	102.61656693333335
139.635	102.74618480000001
139.742	102.87538900000001
139.848	103.01104146666667
139.954	103.16832373333332
140.06	103.34680026666666
140.166	103.4488302
140.273	103.60924493333336
140.379	103.73404446666669
140.485	103.84361286666669
140.591	104.00276373333332
140.696	104.20801759999999
140.801	104.31292646666664
140.907	104.43691613333333
141.013	104.60799706666666
141.118	104.74683366666666
141.224	104.91287893333333
141.328	105.08017726666667
141.431	105.22177406666668
141.535	105.35388360000002
141.64	105.49648646666667
141.744	105.6716026
141.848	105.87073633333333
141.952	106.05785139999998
142.055	106.2036905333333
142.159	106.39056953333332
142.262	106.49929493333333
142.366	106.68633899999999
142.469	106.85791153333334
142.571	107.13468219999999
142.674	107.40399766666665
142.777	107.6048152
142.879	107.85904786666667
142.981	108.14671600000001
143.082	108.40606153333334
143.184	108.6736786
143.284	108.92783833333334
143.384	109.1511832
143.485	109.41289580000002
143.585	109.72789979999999
143.685	109.96085073333333
143.785	110.15905033333333
143.893	110.41566040000001
143.993	110.70156380000002
144.101	110.88095040000002
144.209	111.08414546666667
144.317	111.34420433333334
144.425	111.58467813333333
144.533	111.82056786666666
144.64	112.04086286666667
144.746	112.26123013333333
144.853	112.54951993333333
144.959	112.8279006
145.066	113.15220813333333
145.171	113.47378506666665
145.277	113.70067613333335
145.382	114.00334166666667
145.488	114.22648506666665
145.592	114.5280512
145.697	114.85909206666666
145.8	115.1278456
145.904	115.398336
146.008	115.59695839999999
146.112	115.92262459999999
146.216	116.27089246666667
146.318	116.56190486666665
146.42	116.84443633333332
146.523	117.04277159999998
146.626	117.17825806666666
146.728	117.35053106666668
146.83	117.56371700000003
146.931	117.67302860000001
147.032	117.82706066666667
147.133	117.93910753333333
147.235	117.96875226666667
147.337	117.9981598
147.438	118.06588293333333
147.539	118.11226826666665
147.642	117.98345313333333
147.743	117.84969986666667
147.845	117.78205780000002
147.946	117.69139700000001
148.049	117.65112786666668
148.15	117.67867273333334
148.252	117.57517553333335
148.355	117.5206976
148.458	117.53708426666665
148.56	117.47327859999997
148.662	117.36138326666665
148.765	117.24533319999999
148.866	117.26184406666668
148.969	117.17695526666667
149.071	117.08892446666667
149.173	117.0398808
149.276	117.02839106666667
149.378	116.95124013333333
149.481	116.86989613333334
149.584	116.77702113333334
149.686	116.62577373333332
149.79	116.50943373333332
149.893	116.32630726666665
149.996	116.15918026666665
150.099	116.029765
150.203	115.85664659999999
150.306	115.74257913333332
150.41	115.50893506666665
150.514	115.25745513333332
150.619	115.18201713333333
150.723	114.98271019999999
150.827	114.78656386666665
150.932	114.55620813333331
151.037	114.35394233333332
151.142	114.15791499999999
151.248	113.90153939999999
151.353	113.72606673333333
151.459	113.62013746666666
151.564	113.35463146666666
151.671	113.1092348
151.777	112.90771013333332
151.883	112.67573186666667
151.99	112.48963966666666
152.097	112.35990633333334
152.203	112.08027633333333
152.311	111.90517126666666
152.418	111.70200019999997
152.526	111.51181173333333
152.634	111.31371659999998
152.742	111.0549186
152.85	110.88956166666665
152.959	110.7057904
153.067	110.38089406666664
153.167	110.22605873333332
153.267	109.9246
153.367	109.74776033333335
153.468	109.51465560000001
153.568	109.30041666666668
153.668	109.01252500000001
153.77	108.71687006666667
153.871	108.51788046666665
153.974	108.28170393333333
154.075	108.104142
154.177	107.82475373333334
154.279	107.68815166666666
154.382	107.40716199999999
154.486	107.12078079999999
154.588	106.91070773333331
154.691	106.64292946666666
154.793	106.4446828
154.897	106.1788918
155.0	105.96986486666668
155.104	105.69272986666668
155.208	105.48503733333335
155.313	105.29931140000001
155.418	105.00501093333334
155.524	104.73116766666666
155.629	104.3751222
155.734	104.12550806666665
155.84	103.7506232
155.947	103.52515366666665
156.053	103.2041068
156.16	102.95604133333332
156.266	102.71127706666667
156.374	102.50610046666667
156.482	102.25939566666668
156.59	102.01265493333334
156.698	101.82360393333333
156.807	101.58797893333333
156.916	101.42088280000002
157.025	101.30171380000002
157.134	101.14815373333336
157.243	101.0784612
157.352	100.98159146666667
157.461	100.89476353333335
157.561	100.82284933333334
157.67	100.86609733333334
157.778	100.82082166666669
157.878	100.82001326666668
157.987	100.90548200000002
158.096	100.95569073333334
158.196	100.959569
158.305	100.99980733333332
158.413	101.11196026666666
158.513	101.127596
158.621	101.17433533333333
158.729	101.24870286666666
158.837	101.40273306666668
158.937	101.52681140000001
159.045	101.77327286666667
159.153	101.88944873333335
159.262	102.00883893333335
159.37	102.14960293333333
159.478	102.28734153333332
159.584	102.33999493333333
159.692	102.39902913333331
159.797	102.56784206666666
159.904	102.68864813333333
160.011	102.809582
160.118	102.95837793333334
160.225	103.08607006666668
160.332	103.26788353333335
160.439	103.37501960000002
160.545	103.5244314
160.652	103.5622128
160.758	103.66523853333334
160.864	103.78651900000001
160.97	103.96527946666667
161.075	104.12281473333334
161.181	104.28793046666667
161.285	104.48037813333333
161.391	104.68176113333332
161.496	104.83958193333333
161.601	105.00123966666666
161.705	105.14988599999998
161.809	105.3282822
161.914	105.46289906666667
162.018	105.65571533333332
162.122	105.8155622
162.226	106.0181744666667
162.329	106.24194746666667
162.433	106.50751013333334
162.537	106.7849712
162.64	106.94647606666668
162.742	107.1832386
162.845	107.4690224
162.947	107.60245119999999
163.049	107.92176119999999
163.15	108.18833119999998
163.251	108.48598346666667
163.352	108.76713326666666
163.453	109.00488733333331
163.554	109.17871546666667
163.655	109.43343373333332
163.755	109.6967324
163.855	109.87469633333333
163.955	110.02831306666666
164.063	110.18658006666668
164.163	110.49329126666665
164.263	110.74034493333332
164.371	110.96020446666667
164.478	111.23445579999999
164.578	111.39187439999999
164.686	111.60451253333332
164.793	111.8758908
164.9	112.1168886
165.006	112.37803433333333
165.113	112.69364806666667
165.219	112.88975013333334
165.325	113.15581506666668
165.431	113.49012706666666
165.536	113.72878159999999
165.641	114.02144726666664
165.747	114.2168389333333
165.851	114.4937643333333
165.956	114.78556919999998
166.06	115.1156899333333
166.164	115.51483953333333
166.269	115.84463066666666
166.372	116.13202260000001
166.476	116.36130633333336
166.579	116.62429340000001
166.681	116.82190860000001
166.783	117.09640220000001
166.884	117.33327826666667
166.985	117.5426812
167.087	117.72919206666667
167.189	117.82701586666666
167.29	117.95725273333332
167.392	118.08649133333333
167.494	118.06788333333334
167.595	118.03077213333333
167.696	117.96370946666667
167.798	117.96541646666668
167.9	117.88060206666667
168.002	117.91837593333334
168.103	117.90788626666668
168.205	117.909508
168.308	117.8181556
168.41	117.70074933333332
168.511	117.56326046666666
168.614	117.54753193333332
168.715	117.48340593333334
168.817	117.4826374
168.919	117.34552746666667
169.021	117.262945
169.124	117.20523713333333
169.227	117.14446153333333
169.329	116.99037733333334
169.432	116.96088993333333
169.534	116.81643166666667
169.637	116.67855466666667
169.74	116.50857579999999
169.844	116.38688679999997
169.946	116.25713319999998
170.05	116.13417466666665
170.153	115.96852466666668
170.256	115.82844306666668
170.36	115.62316646666667
170.464	115.47854440000002
170.568	115.38626073333334
170.672	115.23214800000002
170.777	115.05598940000002
170.881	114.91600539999999
170.986	114.70989213333333
171.091	114.54872213333333
171.196	114.34088566666667
171.301	114.19721493333333
171.406	114.0673364
171.511	113.93560473333334
171.616	113.8085838
171.722	113.65149013333333
171.827	113.46152746666665
171.934	113.27413666666666
172.04	113.12596253333332
172.146	112.89880306666667
172.252	112.70726453333333
172.359	112.46284046666668
172.465	112.23066400000002
172.573	112.03482013333334
172.68	111.79911653333333
172.787	111.64987606666665
172.895	111.41087680000001
173.003	111.11749926666667
173.103	110.88377626666667
173.211	110.61649006666667
173.311	110.35866666666668
173.419	110.16442053333334
173.519	109.93829740000001
173.619	109.70371526666668
173.721	109.52872626666667
173.821	109.27931
173.922	109.02623759999999
174.023	108.80335946666668
174.124	108.59974133333334
174.226	108.36805439999999
174.327	108.20644713333333
174.429	108.00008359999998
174.531	107.80819286666663
174.634	107.51944499999996
174.737	107.31225406666665
174.839	107.05846686666663
174.942	106.77114346666666
175.044	106.53003586666667
175.147	106.199098
175.251	105.91846806666668
175.356	105.7630134
175.46	105.55197040000002
175.565	105.32645286666668
175.67	105.02803446666668
175.775	104.798818
175.881	104.36635493333333
175.987	104.06001439999999
176.092	103.81662219999997
176.198	103.5658055333333
176.304	103.28198893333332
176.41	102.99815639999998
176.517	102.76456593333333
176.625	102.50948353333334
176.733	102.36653046666667
176.841	102.13515373333331
176.949	101.90474173333332
177.058	101.76546019999999
177.167	101.54428499999999
177.276	101.3850422
177.385	101.22002086666664
177.493	101.22407486666667
177.602	101.20992673333333
177.711	101.16539373333333
177.819	101.18124193333333
177.919	101.21444846666667
178.028	101.25513853333332
178.137	101.29198613333332
178.245	101.34959793333334
178.354	101.39739173333332
178.462	101.50870619999999
178.57	101.56999033333334
178.678	101.62063006666666
178.787	101.76548613333334
178.895	101.89617926666666
179.003	102.0078242
179.11	102.124957
179.218	102.19911346666666
179.325	102.33851593333334
179.433	102.39425206666667
179.54	102.50019320000001
179.647	102.63043913333334
179.755	102.7267262
179.861	102.88455100000002
179.968	102.97312306666669
180.074	103.03011086666666
180.181	103.169987
180.288	103.29772273333333
180.394	103.37970286666665
180.501	103.48626259999999
180.607	103.6441316
180.713	103.77429953333333
180.819	103.91346986666667
180.925	104.02406459999999
181.03	104.189493
181.136	104.30815740000001
181.242	104.46689119999998
181.347	104.64921386666667
181.451	104.73697026666666
181.556	104.85674899999998
181.661	105.05421500000001
181.765	105.18373566666666
181.87	105.31149399999998
181.974	105.50186933333333
182.078	105.67942506666665
182.182	105.82999126666665
182.286	105.96980133333334
182.39	106.11606
182.493	106.31527626666666
182.597	106.48085093333333
182.7	106.690463
182.803	106.95702526666665
182.906	107.17118653333333
183.013	107.43159226666667
183.116	107.65407226666667
183.218	107.89601526666668
183.32	108.11693333333332
183.421	108.34325173333333
183.522	108.56409706666665
183.623	108.78347833333332
183.723	109.06090466666666
183.824	109.32903993333333
183.925	109.699712
184.025	110.04353333333333
184.125	110.34345699999999
184.225	110.61921039999999
184.325	110.89069706666665
184.427	111.191012
184.535	111.49515386666667
184.642	111.84697746666666
184.748	112.14369033333334
184.854	112.50268633333332
184.961	112.88938666666667
185.067	113.26414893333332
185.173	113.63256346666665
185.278	113.9625052
185.383	114.29989573333334
185.488	114.58482786666669
185.592	114.85859426666667
185.696	115.19291840000001
185.8	115.53965013333335
185.904	115.80615519999999
186.007	116.12453726666668
186.11	116.48592066666667
186.213	116.827427
186.315	117.12666933333334
186.417	117.40823413333332
186.519	117.53835886666667
186.621	117.7652144
186.723	117.96869873333334
186.823	118.17375106666667
186.924	118.289416
187.025	118.43106966666667
187.126	118.52420026666668
187.228	118.54650793333333
187.329	118.57944406666668
187.43	118.59083933333335
187.53	118.53618359999999
187.632	118.43489493333333
187.733	118.31206046666667
187.834	118.29314813333332
187.936	118.21242659999999
188.037	118.20952279999999
188.139	118.15055893333331
188.241	118.037806
188.343	117.9671982
188.445	117.92665173333333
188.547	117.80986140000002
188.648	117.69390240000003
188.751	117.645615
188.852	117.55133073333333
188.955	117.52366780000001
189.056	117.43558806666667
189.158	117.38891260000001
189.261	117.32755126666667
189.363	117.1690244
189.466	117.04219113333332
189.569	116.94018619999999
189.671	116.81024426666666
189.774	116.67197666666668
189.877	116.45379886666666
189.98	116.25972086666667
190.083	116.11383213333333
190.186	115.89432793333334
190.29	115.75011599999999
190.393	115.62651773333333
190.498	115.42270006666668
190.602	115.32392233333333
190.707	115.15881113333333
190.811	115.04375446666667
190.916	114.89276273333333
191.021	114.72148119999999
191.125	114.57856326666665
191.23	114.40273706666663
191.335	114.26806159999998
191.44	114.1787226
191.544	114.02583580000001
191.65	113.8423604
191.755	113.7298756
191.861	113.55909393333333
191.967	113.32442093333334
192.073	113.15871953333335
192.178	112.88252053333333
192.285	112.65839879999999
192.392	112.36872553333333
192.499	112.15760819999998
192.606	111.9360202
192.714	111.73255800000001
192.821	111.53174153333335
192.921	111.22931586666668
193.029	110.9330182
193.137	110.76715193333334
193.237	110.5132316
193.345	110.2508156
193.445	110.02900773333334
193.545	109.78322293333333
193.646	109.52799873333332
193.747	109.36482253333334
193.847	109.09746806666665
193.948	108.81462413333333
194.05	108.5762202
194.151	108.35285333333333
194.253	108.03202366666666
194.355	107.73327626666666
194.457	107.53208833333333
194.559	107.29257426666666
194.663	106.924855
194.766	106.7088918
194.868	106.46272933333333
194.973	106.18672553333334
195.076	105.93831506666668
195.18	105.6620374
195.285	105.40626793333334
195.39	105.16703993333334
195.495	104.95778113333334
195.6	104.65177306666668
195.705	104.33721333333332
195.811	104.06718906666669
195.917	103.80665906666668
196.022	103.52938613333335
196.128	103.24661186666667
196.235	103.09245600000001
196.342	102.7758274
196.45	102.6109626
196.558	102.36401433333334
196.666	102.1851258
196.774	102.0253202
196.883	101.7944036
196.991	101.65545673333332
197.1	101.54237613333333
197.208	101.4689492
197.317	101.4219994
197.426	101.41273999999999
197.534	101.3903758
197.643	101.38463306666668
197.751	101.4520314
197.86	101.45537300000001
197.969	101.54376946666667
198.077	101.54736366666666
198.185	101.56323240000002
198.293	101.59559600000001
198.402	101.62374033333336
198.509	101.73479880000004
198.617	101.81190480000002
198.725	101.88261600000003
198.833	101.97026826666666
198.942	102.08484066666666
199.05	102.20929366666665
199.158	102.26064713333332
199.265	102.35251133333333
199.372	102.42165739999999
199.48	102.54790986666666
199.587	102.67187533333332
199.693	102.80096400000001
199.8	102.9847146
199.907	103.16092540000001
200.014	103.31542306666668
200.12	103.46929606666667
200.226	103.64043933333333
200.332	103.786928
200.438	103.91866833333334
200.544	104.02538480000001
200.649	104.13278020000001
200.755	104.36099293333334
200.86	104.56007493333335
200.964	104.7136778
201.069	104.87301446666669
201.174	105.02503886666668
201.279	105.22771206666667
201.384	105.43271013333334
201.488	105.65297886666669
201.592	105.87185900000001
201.696	106.01228273333332
201.8	106.11837453333334
201.903	106.36269426666667
202.006	106.55015033333332
202.109	106.72643266666665
202.211	106.82435466666666
202.313	106.96837246666665
202.416	107.17066620000001
202.519	107.37430926666667
202.621	107.59623746666666
202.723	107.79257293333333
202.826	107.91575779999997
202.929	108.10245679999998
203.031	108.20708699999999
203.132	108.40956359999998
203.233	108.6694282
203.333	108.91305273333333
203.434	109.08391373333333
203.535	109.31463346666666
203.635	109.55082046666668
203.736	109.87276893333333
203.836	110.15501273333332
203.944	110.40222953333333
204.052	110.59917733333332
204.152	110.80418246666667
204.26	111.06637426666667
204.368	111.37812020000001
204.476	111.63175506666668
204.583	111.98544333333335
204.689	112.24958280000001
204.797	112.50633573333333
204.903	112.74234700000001
205.009	113.02381073333335
205.115	113.30830766666665
205.221	113.58888646666666
205.325	113.94266893333334
205.43	114.17952740000001
205.535	114.42453806666666
205.64	114.71182433333334
205.744	115.01994459999999
205.849	115.3433234
205.953	115.61548726666668
206.056	115.90000726666668
206.159	116.08929866666668
206.263	116.34240573333335
206.366	116.6087386666667
206.468	116.86762806666668
206.57	117.12058533333334
206.672	117.30129480000001
206.774	117.55648473333333
206.876	117.72577360000001
206.978	117.95704920000001
207.079	118.17972753333335
207.18	118.28117066666667
207.281	118.38116706666669
207.383	118.45024033333335
207.484	118.46093666666668
207.585	118.483184
207.685	118.55707933333335
207.786	118.51931433333336
207.888	118.48492526666665
207.989	118.47851146666667
208.09	118.46762666666667
208.192	118.4735792
208.293	118.38724313333334
208.394	118.30527833333332
208.496	118.15163586666668
208.598	118.02815740000001
208.7	118.02447493333334
208.801	117.94556713333333
208.903	117.80634186666667
209.005	117.74305293333333
209.106	117.6373680666667
209.209	117.48734626666668
209.311	117.36147606666667
209.413	117.2508052
209.515	117.08959320000002
209.618	116.92727286666667
209.72	116.84670559999999
209.823	116.6788112
209.927	116.52415553333334
210.03	116.40165266666668
210.133	116.2665178
210.237	116.09520806666669
210.34	115.95037613333334
210.443	115.8560318
210.547	115.73856600000002
210.651	115.57544260000002
210.755	115.43571253333334
210.859	115.3190928
210.963	115.12768906666669
211.067	115.02472873333335
211.171	114.8849638666667
211.276	114.64930313333336
211.381	114.56556680000001
211.486	114.39700746666666
211.591	114.23085806666664
211.697	114.05955739999997
211.802	113.88680833333332
211.907	113.62981559999999
212.013	113.41248226666667
212.118	113.19321166666666
212.225	113.01874033333333
212.331	112.79339626666668
212.437	112.57402540000002
212.544	112.37998253333335
212.652	112.15478540000002
212.759	111.90812493333334
212.866	111.72159866666668
212.973	111.52728866666668
213.073	111.2692706
213.181	111.05158606666666
213.29	110.7838688
213.398	110.54091853333333
213.498	110.33476093333334
213.606	110.15494513333333
213.714	109.94452853333335
213.815	109.6569372
213.916	109.4970906
214.017	109.28983566666666
214.118	109.10882546666666
214.219	108.88183966666664
214.32	108.66094559999998
214.421	108.36361439999999
214.523	108.03227426666666
214.625	107.87693693333331
214.727	107.65496493333332
214.829	107.4160432
214.932	107.1699314
215.034	106.97658513333334
215.138	106.62493140000002
215.242	106.3338268
215.345	106.06843126666668
215.449	105.77446540000001
215.553	105.5034632
215.658	105.18615706666668
215.762	104.92594853333335
215.867	104.6245746
215.973	104.38408093333334
216.079	104.15423013333334
216.185	103.81407013333332
216.291	103.48432653333332
216.398	103.20382573333332
216.504	102.9415472
216.612	102.69201013333333
216.719	102.53314633333335
216.826	102.34169773333335
216.934	102.18729706666667
217.043	101.98982146666665
217.152	101.82703919999999
217.261	101.69704493333333
217.369	101.61951900000001
217.477	101.55689566666668
217.585	101.5472482
217.694	101.48369566666666
217.803	101.43755780000001
217.912	101.46572433333333
218.02	101.46796473333333
218.128	101.53730773333334
218.236	101.57730040000001
218.344	101.5937726
218.452	101.63557493333333
218.561	101.77260646666667
218.669	101.87602480000002
218.778	102.01170373333335
218.886	102.09270126666667
218.993	102.14359146666668
219.101	102.2498607333333
219.209	102.27728679999998
219.315	102.36813913333334
219.423	102.55531706666666
219.529	102.69019499999999
219.637	102.85361000000002
219.744	102.8939606
219.85	102.9726416
219.957	103.10342526666668
220.064	103.28197460000001
220.17	103.4065598
220.276	103.50199166666668
220.382	103.61110146666668
220.489	103.75200706666668
220.595	103.90613213333334
220.701	104.06804233333335
220.806	104.24191619999998
220.911	104.39147526666666
221.017	104.5361174
221.122	104.71264046666666
221.227	104.92699973333332
221.332	105.22044499999998
221.436	105.4067142
221.54	105.58308546666667
221.645	105.74738813333335
221.748	105.92643240000002
221.852	106.12427606666668
221.955	106.29580900000002
222.058	106.49987966666666
222.161	106.66467113333333
222.264	106.8195102
222.367	107.04141613333333
222.469	107.2437652
222.572	107.38690479999998
222.674	107.52942526666666
222.776	107.65062519999998
222.879	107.80045966666665
222.98	107.96016553333334
223.082	108.20531326666665
223.183	108.28858446666665
223.285	108.43314166666666
223.387	108.64599359999998
223.488	108.84874233333333
223.588	109.06648166666668
223.689	109.28011080000002
223.789	109.5237298
223.891	109.6909622
223.991	109.94313366666665
224.1	110.1830528
224.208	110.4510382
224.317	110.73461713333333
224.425	111.02680819999999
224.532	111.28268806666667
224.64	111.50733646666666
224.747	111.880894
224.855	112.13656093333334
224.961	112.41567300000003
225.068	112.69181740000003
225.173	113.04818020000002
225.28	113.30970613333335
225.385	113.52186653333334
225.49	113.86765206666668
225.596	114.18326733333332
225.701	114.51490199999998
225.806	114.84566613333331
225.909	115.0940952
226.014	115.30944266666665
226.118	115.65951273333333
226.221	115.9657212
226.324	116.27459453333334
226.427	116.62508613333334
226.529	116.93993186666667
226.632	117.23310046666667
226.734	117.40781653333332
226.836	117.66041533333333
226.938	117.94729219999999
227.039	118.06888533333333
227.14	118.16569286666666
227.24	118.2708918
227.341	118.40657146666668
227.442	118.55261473333333
227.544	118.65276100000001
227.644	118.71028866666667
227.746	118.66788960000001
227.847	118.64403646666666
227.949	118.63070699999999
228.049	118.62763966666665
228.15	118.62425693333331
228.251	118.6065642
228.352	118.63806779999999
228.454	118.56983006666665
228.556	118.58233166666666
228.657	118.56542386666668
228.758	118.54586053333334
228.859	118.49969680000001
228.96	118.36580106666666
229.061	118.30330386666668
229.162	118.21460286666667
229.264	118.12604933333333
229.365	118.01940906666665
229.467	117.95142759999999
229.568	117.83980999999997
229.671	117.73681726666665
229.773	117.61212006666665
229.875	117.48180013333332
229.978	117.393833
230.081	117.2757786
230.183	117.15191933333334
230.285	117.00703720000003
230.388	116.80839993333338
230.49	116.70048346666668
230.593	116.56920106666666
230.696	116.43092326666667
230.799	116.40159993333333
230.902	116.30480533333333
231.005	116.164785
231.109	115.99149186666666
231.213	115.77662679999999
231.317	115.61205213333332
231.421	115.45264159999998
231.525	115.29111013333333
231.629	115.17858993333333
231.733	115.03733760000001
231.837	114.86631153333335
231.942	114.67069513333334
232.047	114.45246366666667
232.152	114.29926226666667
232.257	114.11680940000001
232.361	113.86771713333333
232.467	113.63865973333331
232.573	113.40631446666664
232.679	113.22699466666664
232.786	113.05566333333333
232.892	112.81995713333332
232.999	112.56351346666666
233.106	112.331868
233.213	112.00813459999999
233.32	111.73996826666666
233.427	111.51770393333332
233.535	111.3065338
233.643	111.07612813333331
233.751	110.84993653333335
233.86	110.6147534
233.969	110.42212226666668
234.069	110.1779236
234.169	109.86616753333331
234.269	109.62624333333332
234.37	109.36372419999998
234.47	109.13260926666663
234.571	108.90768340000001
234.672	108.66102426666667
234.774	108.4306842
234.876	108.19258346666668
234.977	107.96350780000002
235.08	107.71777866666667
235.182	107.50892306666668
235.285	107.20838546666668
235.387	106.91401
235.49	106.60718306666668
235.594	106.38177599999999
235.697	106.20505326666667
235.801	105.86616673333334
235.905	105.6075898
236.01	105.31176773333333
236.115	105.02965060000001
236.22	104.73881460000001
236.325	104.49067986666665
236.43	104.17004573333332
236.536	103.88528826666666
236.642	103.5968144
236.749	103.37590713333333
236.856	103.16494159999999
236.963	102.98392986666666
237.07	102.83547133333333
237.178	102.67183833333334
237.286	102.50850973333334
237.394	102.37815313333334
237.501	102.22560533333332
237.609	102.21339413333334
237.717	102.12135933333334
237.824	102.12501300000001
237.932	102.106927
238.039	102.0797342
238.148	102.07485466666667
238.256	102.13257966666667
238.364	102.10408546666666
238.472	102.16436320000001
238.578	102.20432506666666
238.686	102.26680860000002
238.794	102.2758886
238.902	102.29976513333332
239.009	102.3947254
239.117	102.4388044
239.224	102.46500466666666
239.331	102.58295913333333
239.438	102.65798946666668
239.545	102.72636093333335
239.652	102.85241113333335
239.759	102.9689726
239.867	103.09691006666668
239.974	103.25848786666667
240.08	103.37216946666668
240.186	103.55857380000002
240.292	103.64812986666668
240.399	103.8104044666667
240.504	103.98798106666668
240.61	104.19578000000001
240.715	104.39236413333334
240.82	104.54143906666668
240.925	104.70899073333334
241.03	104.79910980000001
241.135	104.90507346666666
241.239	105.07577380000001
241.343	105.13409713333333
241.448	105.2344641333333
241.552	105.34877039999998
241.656	105.5002299333333
241.76	105.60644086666665
241.865	105.716251
241.969	105.90050753333335
242.074	106.03917653333336
242.178	106.1509588666667
242.282	106.34249980000001
242.384	106.49195300000001
242.487	106.58570946666667
242.591	106.81790000000001
242.693	107.04303393333335
242.795	107.27455720000002
242.898	107.54694
242.999	107.76461853333335
243.102	108.01108366666666
243.204	108.13939566666664
243.305	108.28979399999999
243.406	108.5537082
243.507	108.68800806666667
243.608	108.93087433333334
243.709	109.09693113333333
243.809	109.29733613333333
243.91	109.57298726666667
244.011	109.87258473333333
244.111	110.00649133333334
244.211	110.22947026666667
244.319	110.41679900000001
244.419	110.67528473333333
244.527	110.9848262
244.635	111.19884886666665
244.742	111.54380526666665
244.85	111.83296786666666
244.957	112.05698933333333
245.064	112.32253140000002
245.171	112.53420380000001
245.276	112.83450166666667
245.383	113.1145604
245.488	113.38126966666667
245.593	113.61103073333334
245.699	113.95703706666667
245.805	114.2240306
245.91	114.59956333333335
246.015	114.86399906666666
246.119	115.0688932
246.222	115.38062966666666
246.326	115.59010333333335
246.43	115.8819082
246.533	116.21027219999999
246.635	116.56313426666667
246.738	116.9746522
246.841	117.2919172
246.943	117.5382312
247.045	117.79325913333334
247.147	118.10245979999999
247.248	118.3439888
247.349	118.55794926666667
247.449	118.69731333333334
247.549	118.94143360000001
247.65	119.14427700000003
247.751	119.35548173333335
247.851	119.51670686666668
247.951	119.62923233333335
248.052	119.6275934
248.152	119.65194233333332
248.252	119.54842106666665
248.352	119.586096
248.459	119.57213726666666
248.56	119.52313986666667
248.66	119.43431666666666
248.761	119.36781533333331
248.862	119.28962299999999
248.963	119.24356579999998
249.063	119.07747799999999
249.164	118.94168579999997
249.265	118.75965746666665
249.366	118.62936826666666
249.467	118.51862126666667
249.569	118.42799166666668
249.67	118.32246800000001
249.772	118.22303560000002
249.873	118.17714166666669
249.975	118.03771773333334
250.077	117.92359853333333
250.179	117.78646106666669
250.281	117.63981366666668
250.383	117.50509039999999
250.485	117.2987886
250.586	117.18111906666664
250.689	117.09109059999999
250.791	116.99725993333331
250.894	116.8740666
250.997	116.71723386666666
251.101	116.63328340000001
251.204	116.53089946666665
251.308	116.36762579999998
251.411	116.11936986666666
251.514	115.9774133333333
251.617	115.8395837333333
251.721	115.73316013333333
251.825	115.57048353333332
251.928	115.43417099999998
252.032	115.2813998
252.136	115.14282400000002
252.241	114.95336853333335
252.345	114.71180606666667
252.446	114.45064026666667
252.551	114.26432906666666
252.656	114.02191853333333
252.759	113.73714106666667
252.864	113.55451593333332
252.97	113.31322713333333
253.076	113.03369286666666
253.183	112.77221913333332
253.289	112.48620053333333
253.396	112.28583966666666
253.504	112.06843886666668
253.611	111.83974340000002
253.718	111.56010640000002
253.827	111.22879400000002
253.935	110.99152793333336
254.043	110.82212440000002
254.151	110.63094513333336
254.251	110.42079020000001
254.359	110.232963
254.46	109.95047279999999
254.561	109.7072318
254.661	109.56871593333334
254.762	109.32535526666668
254.862	109.10807246666668
254.963	108.88651966666667
255.064	108.6803266
255.165	108.45131586666666
255.267	108.18056653333333
255.369	107.98575426666667
255.471	107.74472886666668
255.573	107.55175340000001
255.676	107.28926006666669
255.778	107.01878293333334
255.881	106.76279573333333
255.985	106.53085893333332
256.089	106.25823886666667
256.193	105.94610786666665
256.296	105.7417848
256.4	105.49697600000003
256.505	105.24107826666668
256.609	104.94986066666667
256.714	104.65985886666665
256.82	104.45461579999998
256.926	104.16878766666665
257.032	103.93653079999997
257.138	103.61436479999999
257.244	103.31513806666665
257.35	103.09955193333333
257.458	102.91539413333334
257.565	102.78017999999999
257.673	102.66083426666665
257.781	102.57094466666666
257.889	102.3951434
257.997	102.27248953333333
258.105	102.1413368
258.213	102.05060440000001
258.32	102.07868413333334
258.427	102.07785233333333
258.535	102.19549633333332
258.643	102.21003706666664
258.751	102.2511921333333
258.859	102.30327719999998
258.967	102.40562866666667
259.074	102.48122713333333
259.177	102.57384793333333
259.284	102.59645486666666
259.391	102.70928686666666
259.499	102.84093886666668
259.606	102.93467173333333
259.712	103.09582873333333
259.819	103.24141593333334
259.925	103.32462880000001
260.029	103.43289886666666
260.135	103.5325138
260.241	103.671315
260.347	103.84586173333334
260.453	103.9962156
260.558	104.11393393333333
260.664	104.2453194
260.769	104.33632706666667
260.874	104.52312573333333
260.98	104.63637926666667
261.084	104.77778660000003
261.19	104.97905653333333
261.294	105.09714786666667
261.398	105.25336186666668
261.503	105.37010653333336
261.607	105.48826746666667
261.712	105.63777173333332
261.816	105.76772993333333
261.919	105.93375673333331
262.023	106.0935916
262.126	106.23465259999999
262.23	106.35551306666666
262.334	106.53529493333332
262.436	106.64041226666664
262.54	106.79836593333332
262.642	106.96246299999999
262.745	107.12314653333331
262.847	107.31954346666666
262.95	107.49107333333333
263.052	107.71372093333335
263.155	107.87267933333332
263.257	108.013055
263.358	108.20811206666667
263.459	108.35294626666665
263.56	108.67577980000002
263.661	108.90357880000002
263.762	109.08686320000001
263.863	109.3380242
263.964	109.59659193333333
264.065	109.85455280000001
264.165	110.14670746666667
264.272	110.37743859999999
264.372	110.55690573333332
264.472	110.76958540000001
264.579	110.99696886666668
264.687	111.34612033333333
264.795	111.6261996
264.901	111.90054953333333
265.008	112.17556386666665
265.115	112.32306919999999
265.222	112.61993139999998
265.329	112.92977399999998
265.434	113.11605146666666
265.54	113.38390906666667
265.646	113.60466746666667
265.752	113.78054986666666
265.857	114.02767966666667
265.961	114.36067126666667
266.066	114.6507788
266.17	114.95961100000001
266.275	115.17249086666668
266.379	115.42020826666666
266.483	115.6822726
266.587	115.9592448666667
266.689	116.22252080000001
266.793	116.52611686666668
266.895	116.7941546
266.998	117.20293153333334
267.1	117.49613966666666
267.202	117.84580466666665
267.304	118.17211339999997
267.406	118.39265959999997
267.506	118.54882253333332
267.607	118.73331266666665
267.707	118.91816059999998
267.807	119.12159299999999
267.907	119.36545826666665
268.007	119.58631020000001
268.107	119.77485966666669
268.208	119.86371120000003
268.309	119.86164373333335
268.409	119.96410453333336
268.509	119.8869868666667
268.616	119.87150773333336
268.716	119.82477393333333
268.823	119.75310593333332
268.924	119.74662119999999
269.024	119.739462
269.124	119.76638853333334
269.225	119.68744046666666
269.325	119.62662086666666
269.426	119.48026340000001
269.526	119.32363660000003
269.627	119.14653786666669
269.728	119.11471020000002
269.828	119.02168333333337
269.929	118.85559573333335
270.03	118.75414373333335
270.131	118.65958793333334
270.233	118.52551880000001
270.334	118.38269659999999
270.435	118.27874413333332
270.537	118.22239706666666
270.638	118.0604696
270.74	117.96144473333332
270.842	117.81715953333332
270.944	117.68258526666666
271.047	117.54801266666668
271.149	117.45702833333334
271.25	117.29259566666666
271.353	117.17027926666667
271.455	117.10326486666666
271.558	116.94726653333333
271.661	116.80067713333337
271.764	116.62445913333335
271.867	116.50468146666667
271.97	116.31724200000002
272.073	116.17092480000001
272.176	115.95446453333332
272.279	115.73228320000001
272.383	115.57713653333333
272.488	115.40098826666666
272.592	115.25480313333334
272.696	115.019799
272.8	114.76368760000001
272.905	114.47800146666668
273.011	114.252194
273.115	114.08973333333333
273.221	113.84636539999998
273.326	113.66469980000001
273.432	113.46486593333334
273.538	113.26649833333333
273.645	112.93265453333333
273.751	112.7341542
273.857	112.48693026666666
273.965	112.24767793333336
274.071	111.99392600000004
274.178	111.64045900000004
274.286	111.38774126666667
274.394	111.15805226666667
274.502	110.95789646666667
274.602	110.60860986666665
274.71	110.2937274
274.81	110.06582306666665
274.911	109.80925499999998
275.011	109.4671278
275.112	109.24461753333334
275.213	109.02888993333335
275.315	108.78928013333335
275.416	108.57451333333334
275.518	108.23460500000002
275.619	108.02813593333333
275.722	107.879333
275.823	107.67440726666665
275.925	107.50340359999998
276.028	107.23760586666664
276.131	107.03084806666666
276.234	106.82737226666664
276.337	106.55903833333333
276.441	106.33240140000001
276.544	106.15701893333333
276.647	105.84459473333332
276.752	105.5642412
276.857	105.3024918
276.961	105.06702873333332
277.066	104.86667366666666
277.171	104.55025293333331
277.276	104.26475493333334
277.382	104.02593466666664
277.489	103.75906073333331
277.595	103.60379746666666
277.701	103.45507473333333
277.808	103.27888000000002
277.916	103.17565806666667
278.023	103.01276473333336
278.13	102.900046
278.238	102.86082573333331
278.345	102.79128026666665
278.452	102.695582
278.559	102.6378786
278.666	102.66420013333331
278.773	102.67908633333333
278.88	102.74861406666666
278.986	102.79850893333332
279.094	102.83102266666667
279.202	102.89376846666664
279.309	102.95317233333334
279.411	103.03225966666668
279.511	103.13330220000002
279.617	103.20088413333336
279.723	103.24893606666667
279.83	103.23467253333335
279.936	103.29741340000002
280.042	103.40012006666669
280.148	103.49313806666667
280.253	103.65590440000001
280.36	103.80722266666668
280.466	103.9287220666667
280.573	104.09326373333334
280.679	104.23637946666668
280.785	104.32153820000002
280.891	104.42024500000001
280.995	104.57786593333334
281.1	104.6869
281.205	104.79326226666667
281.309	104.97817646666665
281.413	105.26409886666666
281.518	105.46244986666667
281.622	105.61665346666665
281.726	105.80120946666666
281.83	105.89473766666667
281.934	106.049247
282.038	106.17712206666667
282.14	106.24598886666668
282.244	106.41897266666668
282.348	106.59089739999999
282.451	106.79665220000001
282.553	106.95445666666667
282.656	107.10853300000001
282.759	107.2957238
282.862	107.47672666666668
282.964	107.5904494
283.066	107.79330039999999
283.167	108.04110053333332
283.269	108.24839233333333
283.37	108.37219953333332
283.472	108.58619353333332
283.573	108.80678606666667
283.674	108.99125140000001
283.775	109.19752280000002
283.875	109.45593806666668
283.975	109.66543233333333
284.076	109.86959533333334
284.176	110.14950859999999
284.284	110.38700193333331
284.385	110.56892126666665
284.493	110.80256513333332
284.601	110.978366
284.708	111.20983773333333
284.816	111.47717206666667
284.922	111.772052
285.03	112.02435413333333
285.137	112.25253179999999
285.244	112.57172493333331
285.351	112.87072439999997
285.457	113.0533169333333
285.563	113.313163
285.668	113.54643273333333
285.774	113.73682913333336
285.879	114.03634626666668
285.984	114.39052573333335
286.088	114.72692380000002
286.193	115.08207886666669
286.297	115.3869272
286.401	115.67378986666668
286.505	115.98563726666667
286.608	116.28326533333333
286.711	116.63398899999999
286.813	116.84099186666666
286.915	117.11496273333333
287.017	117.52194426666665
287.119	117.79998133333332
287.22	118.16212226666667
287.322	118.52006606666666
287.422	118.79031853333332
287.524	119.0136496
287.625	119.22506086666665
287.725	119.42533859999999
287.825	119.60372653333333
287.925	119.7350378
288.032	119.88802773333333
288.132	119.96428859999999
288.232	120.0032222
288.339	120.18712506666667
288.439	120.24050233333332
288.539	120.16846593333335
288.639	120.16878460000001
288.747	120.06192033333332
288.847	119.92458473333335
288.947	119.87938826666668
289.047	119.76189086666668
289.147	119.68648533333334
289.247	119.59140033333333
289.348	119.44820719999998
289.449	119.34918093333332
289.55	119.2232523333333
289.65	119.09017039999999
289.751	119.03383633333334
289.852	118.88780753333336
289.953	118.78958793333335
290.054	118.74037993333334
290.155	118.62239720000002
290.257	118.51902786666669
290.359	118.45776380000002
290.46	118.32120093333334
290.561	118.30120166666669
290.662	118.10743046666667
290.763	118.02863913333334
290.865	117.9531594
290.967	117.81392206666669
291.069	117.78051120000002
291.172	117.69525760000002
291.273	117.51326186666665
291.376	117.38798933333332
291.478	117.14867673333333
291.58	116.91840666666666
291.683	116.76966259999999
291.785	116.67231466666667
291.888	116.49607300000001
291.991	116.3842242
292.094	116.18744919999999
292.199	116.10100720000001
292.303	115.94766113333336
292.407	115.8182058
292.51	115.68575386666666
292.615	115.37190220000002
292.718	115.23253413333335
292.822	115.05305013333334
292.926	114.86250673333332
293.03	114.753742
293.135	114.62522326666667
293.239	114.4290078
293.345	114.19766406666668
293.45	114.02909279999999
293.556	113.81331159999999
293.662	113.56958839999999
293.767	113.29018420000001
293.873	112.98165700000001
293.98	112.71495386666668
294.087	112.48801186666667
294.193	112.32608133333332
294.3	112.06462859999998
294.407	111.77201726666665
294.515	111.49473659999998
294.615	111.22228459999998
294.723	110.94022586666667
294.83	110.73305846666668
294.93	110.4408702
295.038	110.12924960000001
295.139	109.85706406666668
295.24	109.61860933333332
295.34	109.41330833333332
295.441	109.20455319999999
295.542	108.9830678
295.644	108.69269886666667
295.746	108.450076
295.847	108.20088586666667
295.949	108.01315793333335
296.05	107.80584086666667
296.153	107.60439133333334
296.255	107.36788419999999
296.358	107.14631953333334
296.46	106.8925236
296.564	106.6870284
296.667	106.38115073333333
296.771	106.04085013333332
296.874	105.76030366666664
296.978	105.49048319999999
297.082	105.1958268
297.187	104.94846226666665
297.292	104.62215139999999
297.398	104.33130593333334
297.505	104.09214260000002
297.611	103.88647706666667
297.717	103.6571862
297.824	103.4892476
297.93	103.2816358
298.038	103.15104613333332
298.145	102.97812300000001
298.252	102.91611313333333
298.359	102.8961444
298.466	102.82755293333334
298.573	102.80834206666667
298.68	102.7708976
298.787	102.80845706666665
298.895	102.877513
299.001	102.97949926666666
299.109	103.04096753333332
299.216	103.07537759999998
299.322	103.12387400000001
299.429	103.22297393333335
299.535	103.2849506
299.641	103.3727836
299.748	103.4612812
299.854	103.51188
299.96	103.6332028
300.066	103.75402786666665
300.171	103.82550186666666
300.277	103.95100133333334
300.383	104.02956526666667
300.489	104.16117999999999
300.596	104.29451139999999
300.701	104.45826613333332
300.806	104.54578366666667
300.911	104.63688813333333
301.016	104.70673546666667
301.121	104.87100626666665
301.226	105.02429740000002
301.33	105.16776726666669
301.433	105.3974684
301.538	105.5640308
301.643	105.68470673333333
301.747	105.84531346666667
301.851	106.01559093333331
301.954	106.11807506666665
302.058	106.23974493333334
302.161	106.34491199999998
302.264	106.42987566666665
302.367	106.59119279999999
302.47	106.75021353333334
302.573	106.94726653333332
302.676	107.0753135333333
302.779	107.26222999999999
302.881	107.30827527272727
302.984	107.44281444444444
303.086	107.62001299999999
303.189	107.78204539999999
303.29	108.053378
303.392	108.384355
